44 12 5
-0.000016 0.001689 -0.000996 -0.001695 0.000087 0.002266 -0.000488 0.004539 0.000034 -0.000488 0.038693 0.002767 
1 -1 -1 -1 -1 
-0.000169 0.002642 -0.003194 -0.000827 0.000525 -0.001021 -0.000800 0.003358 0.000537 -0.000800 0.127339 0.002550 
1 -1 -1 -1 -1 
-0.000153 0.004398 -0.003693 -0.001191 0.000841 0.000849 -0.000731 0.003543 0.000586 -0.000731 0.128512 0.002610 
1 -1 -1 -1 -1 
-0.000138 0.003216 -0.003544 -0.000907 0.000705 -0.000223 -0.000941 0.003224 0.001346 -0.000941 0.124135 0.002665 
1 -1 -1 -1 -1 
-0.000172 0.003789 -0.004226 -0.000897 0.001215 -0.000653 -0.000783 0.002692 0.001008 -0.000783 0.156182 0.002238 
1 -1 -1 -1 -1 
-0.000194 0.002681 -0.004411 -0.000608 0.001548 -0.001378 -0.001214 0.003618 0.001518 -0.001214 0.161333 0.002454 
1 -1 -1 -1 -1 
-0.000205 0.004357 -0.005066 -0.000860 0.001475 -0.000709 -0.001049 0.002862 0.001290 -0.001049 0.153585 0.002556 
1 -1 -1 -1 -1 
-0.000188 0.004912 -0.003656 -0.001344 0.001062 0.000963 -0.000993 0.003542 0.001179 -0.000993 0.140093 0.002604 
1 -1 -1 -1 -1 
-0.000153 0.003683 -0.004217 -0.000873 0.000786 -0.000844 -0.000865 0.005279 0.000715 -0.000865 0.129487 0.002646 
1 -1 -1 -1 -1 
-0.000135 0.003309 -0.003550 -0.000932 0.000729 -0.000434 -0.000799 0.004201 0.001254 -0.000799 0.122293 0.002776 
1 -1 -1 -1 -1 
-0.000136 0.002813 -0.003652 -0.000770 0.000593 -0.001234 -0.000715 0.002931 0.001004 -0.000715 0.122829 0.002582 
1 -1 -1 -1 -1 
-0.000119 0.003467 -0.003740 -0.000927 0.000762 -0.000544 -0.000808 0.005351 0.001497 -0.000808 0.121427 0.002913 
1 -1 -1 -1 -1 
-0.000141 0.002501 -0.003226 -0.000775 0.000501 -0.001066 -0.000800 0.003386 0.000653 -0.000800 0.115140 0.002575 
1 -1 -1 -1 -1 
-0.000503 0.002638 -0.004884 -0.000540 0.001351 -0.001207 -0.001046 0.002024 0.000948 -0.001046 0.131430 0.002420 
-1 1 -1 -1 -1 
-0.000516 0.003082 -0.007432 -0.000415 0.002614 -0.002039 -0.000671 0.002904 0.000874 -0.000671 0.146169 0.002276 
-1 1 -1 -1 -1 
-0.000684 0.002773 -0.007872 -0.000352 0.002697 -0.002407 -0.001452 0.003571 0.001371 -0.001452 0.160397 0.002100 
-1 1 -1 -1 -1 
-0.000572 0.000683 -0.004877 -0.000140 0.001299 -0.001868 -0.004340 0.003007 0.001558 -0.004340 0.146917 0.002328 
-1 1 -1 -1 -1 
-0.000522 0.003784 -0.006667 -0.000568 0.002358 -0.001236 -0.003880 0.003381 0.003080 -0.003880 0.144335 0.002235 
-1 1 -1 -1 -1 
-0.000584 0.003016 -0.007471 -0.000404 0.002588 -0.002159 -0.001022 0.003100 0.002010 -0.001022 0.147360 0.002185 
-1 1 -1 -1 -1 
-0.000516 0.001046 -0.003408 -0.000307 0.001144 -0.001191 -0.004768 0.002639 0.002611 -0.004768 0.153698 0.002212 
-1 1 -1 -1 -1 
-0.000488 0.002292 -0.003889 -0.000589 0.001532 -0.000769 -0.004592 0.001930 0.001475 -0.004592 0.150811 0.002267 
-1 1 -1 -1 -1 
-0.000469 0.000947 -0.003771 -0.000251 0.001608 -0.001349 -0.003788 0.003640 0.004377 -0.003788 0.159929 0.002669 
-1 1 -1 -1 -1 
-0.000384 0.001253 -0.003780 -0.000331 0.001650 -0.001204 -0.004402 0.003392 0.005004 -0.004402 0.179180 0.001851 
-1 1 -1 -1 -1 
-0.000262 0.003470 -0.006828 -0.000508 0.000582 -0.003682 -0.002532 0.012892 0.001161 -0.002532 0.025249 0.009398 
-1 -1 1 -1 -1 
-0.000224 0.002949 -0.007769 -0.000380 0.000766 -0.004179 -0.001402 0.020259 0.001229 -0.001402 0.027783 0.011230 
-1 -1 1 -1 -1 
-0.000181 0.003333 -0.007997 -0.000417 0.000521 -0.006270 -0.001643 0.032239 0.003488 -0.001643 0.022047 0.016545 
-1 -1 1 -1 -1 
-0.000383 0.001940 -0.003823 -0.000508 0.000943 -0.001230 -0.002128 0.003222 0.000905 -0.002128 0.061166 0.003765 
-1 -1 1 -1 -1 
-0.000208 0.005326 -0.005121 -0.001040 0.000490 -0.000301 -0.002128 0.020133 0.002663 -0.002128 0.023834 0.016940 
-1 -1 1 -1 -1 
-0.000308 0.005015 -0.005743 -0.000873 0.001714 -0.000593 -0.001176 0.009143 0.001916 -0.001176 0.056522 0.006660 
-1 -1 1 -1 -1 
-0.000308 0.000245 -0.001851 -0.000133 0.000123 -0.001979 -0.001359 0.007459 0.000655 -0.001359 0.043065 0.002607 
-1 -1 -1 1 -1 
-0.000368 0.000246 -0.002307 -0.000107 0.000113 -0.004045 -0.000914 0.004199 0.000037 -0.000914 0.053408 0.001877 
-1 -1 -1 1 -1 
-0.000231 0.000246 -0.002307 -0.000107 0.000054 -0.005420 -0.000914 0.005913 0.000037 -0.000914 0.023620 0.004607 
-1 -1 -1 1 -1 
-0.000316 0.000171 -0.001042 -0.000164 0.000029 -0.000979 -0.000546 0.003291 0.000149 -0.000546 0.026123 0.002884 
-1 -1 -1 1 -1 
-0.000270 0.001140 -0.003188 -0.000357 0.000596 -0.001474 -0.003775 0.004372 0.003515 -0.003775 0.061326 0.002776 
-1 -1 -1 1 -1 
-0.000261 0.001416 -0.005572 -0.000254 0.000857 -0.003639 -0.004255 0.004670 0.003183 -0.004255 0.060840 0.003122 
-1 -1 -1 1 -1 
-0.000253 0.000715 -0.003183 -0.000225 0.000441 -0.001819 -0.003513 0.003680 0.003929 -0.003513 0.066796 0.002628 
-1 -1 -1 1 -1 
-0.000216 0.000930 -0.003007 -0.000309 0.000367 -0.001652 -0.002169 0.005809 0.006566 -0.002169 0.064620 0.003802 
-1 -1 -1 1 -1 
-0.000084 0.000824 -0.000522 -0.001577 0.000032 0.001661 -0.000834 0.004787 0.000697 -0.000834 0.027017 0.005968 
-1 -1 -1 -1 1 
-0.000465 0.000268 -0.000818 -0.000327 0.000063 0.000898 -0.000312 0.002638 0.000040 -0.000312 0.065960 0.001432 
-1 -1 -1 -1 1 
-0.000209 0.001522 -0.002522 -0.000603 0.000288 -0.000714 -0.001359 0.006817 0.001229 -0.001359 0.020997 0.002542 
-1 -1 -1 -1 1 
-0.000341 0.001543 -0.001328 -0.001162 0.000196 0.001745 -0.002247 0.005351 0.001195 -0.002247 0.083412 0.002254 
-1 -1 -1 -1 1 
-0.000327 0.001944 -0.001039 -0.001872 0.000232 0.001709 -0.001760 0.003746 0.001553 -0.001760 0.082640 0.002486 
-1 -1 -1 -1 1 
-0.000349 0.001494 -0.001654 -0.000903 0.000327 0.001421 -0.002000 0.002862 0.000735 -0.002000 0.099060 0.001671 
-1 -1 -1 -1 1 
-0.000258 0.002498 -0.002244 -0.001113 0.001001 0.000542 -0.002000 0.005639 0.001037 -0.002000 0.089050 0.003538 
-1 -1 -1 -1 1 
