124 2 2
-0.004464 -0.079229 
1 -1 
-0.004695 -0.069846 
1 -1 
-0.004088 -0.072502 
1 -1 
-0.003752 -0.068489 
1 -1 
-0.004210 -0.072349 
1 -1 
-0.005060 -0.071829 
1 -1 
-0.004632 -0.065344 
1 -1 
-0.005338 -0.065042 
1 -1 
-0.005621 -0.069795 
1 -1 
-0.004809 -0.068262 
1 -1 
-0.017584 -0.013564 
-1 1 
-0.018695 -0.016370 
-1 1 
-0.018249 -0.016611 
-1 1 
-0.018810 -0.014971 
-1 1 
-0.017937 -0.013640 
-1 1 
-0.018305 -0.012275 
-1 1 
-0.017614 -0.013120 
-1 1 
-0.016238 -0.012134 
-1 1 
-0.013073 -0.012388 
-1 1 
-0.013858 -0.015676 
-1 1 
-0.020075 -0.018052 
-1 1 
-0.019298 -0.018118 
-1 1 
-0.019920 -0.018000 
-1 1 
-0.019749 -0.019717 
-1 1 
-0.020129 -0.019836 
-1 1 
-0.020231 -0.020740 
-1 1 
-0.019802 -0.016084 
-1 1 
-0.019305 -0.012625 
-1 1 
-0.011674 -0.014099 
-1 1 
-0.018148 -0.016729 
-1 1 
-0.019183 -0.017832 
-1 1 
-0.019773 -0.019387 
-1 1 
-0.019579 -0.019663 
-1 1 
-0.019663 -0.019126 
-1 1 
-0.019538 -0.019160 
-1 1 
-0.019301 -0.019209 
-1 1 
-0.020389 -0.018567 
-1 1 
-0.019569 -0.012639 
-1 1 
-0.013044 -0.012034 
-1 1 
-0.011548 -0.011765 
-1 1 
-0.017113 -0.037163 
-1 1 
-0.015882 -0.076228 
-1 1 
-0.017987 -0.051572 
-1 1 
-0.017389 -0.056030 
-1 1 
-0.018895 -0.054114 
-1 1 
-0.020825 -0.037544 
-1 1 
-0.017315 -0.079980 
-1 1 
-0.016927 -0.016250 
-1 1 
-0.011534 -0.011423 
-1 1 
-0.012814 -0.020771 
-1 1 
-0.016061 -0.012297 
-1 1 
-0.011762 -0.015901 
-1 1 
-0.010056 -0.045283 
-1 1 
-0.015419 -0.039636 
-1 1 
-0.016295 -0.072947 
-1 1 
-0.017287 -0.032856 
-1 1 
-0.017127 -0.043723 
-1 1 
-0.018141 -0.031316 
-1 1 
-0.018983 -0.037959 
-1 1 
-0.017283 -0.076367 
-1 1 
-0.016072 -0.012864 
-1 1 
-0.013764 -0.011458 
-1 1 
-0.015008 -0.014390 
-1 1 
-0.012510 -0.025261 
-1 1 
-0.013340 -0.026375 
-1 1 
-0.015110 -0.012773 
-1 1 
-0.014272 -0.026174 
-1 1 
-0.014607 -0.026802 
-1 1 
-0.011523 -0.011562 
-1 1 
-0.013208 -0.023718 
-1 1 
-0.011327 -0.014502 
-1 1 
-0.014501 -0.014167 
-1 1 
-0.011349 -0.017888 
-1 1 
-0.014714 -0.012273 
-1 1 
-0.014138 -0.023203 
-1 1 
-0.013846 -0.022170 
-1 1 
-0.011746 -0.011497 
-1 1 
-0.010448 -0.012893 
-1 1 
-0.010781 -0.013010 
-1 1 
-0.010242 -0.012607 
-1 1 
-0.012279 -0.012549 
-1 1 
-0.011644 -0.012007 
-1 1 
-0.011492 -0.012329 
-1 1 
-0.012872 -0.012378 
-1 1 
-0.010009 -0.013530 
-1 1 
-0.011640 -0.013250 
-1 1 
-0.011942 -0.014429 
-1 1 
-0.010908 -0.013315 
-1 1 
-0.011171 -0.014548 
-1 1 
-0.011491 -0.012219 
-1 1 
-0.012792 -0.012219 
-1 1 
-0.010442 -0.012537 
-1 1 
-0.014779 -0.023767 
-1 1 
-0.011235 -0.011768 
-1 1 
-0.010435 -0.012458 
-1 1 
-0.010720 -0.013948 
-1 1 
-0.010232 -0.013447 
-1 1 
-0.010067 -0.013787 
-1 1 
-0.009090 -0.013757 
-1 1 
-0.012359 -0.013838 
-1 1 
-0.011085 -0.013569 
-1 1 
-0.013278 -0.012295 
-1 1 
-0.011160 -0.034819 
-1 1 
-0.016697 -0.012766 
-1 1 
-0.015661 -0.043369 
-1 1 
-0.016840 -0.013494 
-1 1 
-0.016680 -0.017144 
-1 1 
-0.016062 -0.021130 
-1 1 
-0.015867 -0.012690 
-1 1 
-0.016677 -0.013025 
-1 1 
-0.014711 -0.012559 
-1 1 
-0.011859 -0.020417 
-1 1 
-0.012721 -0.020474 
-1 1 
-0.013257 -0.019397 
-1 1 
-0.012670 -0.025779 
-1 1 
-0.011750 -0.024675 
-1 1 
-0.012999 -0.024758 
-1 1 
-0.011441 -0.012273 
-1 1 
-0.010408 -0.034761 
-1 1 
-0.011502 -0.024563 
-1 1 
-0.016021 -0.023484 
-1 1 
-0.016954 -0.012651 
-1 1 
-0.017046 -0.023569 
-1 1 
-0.016057 -0.013486 
-1 1 
