-0.014443 -0.016596 
1 -1 
-0.013753 -0.018020 
1 -1 
-0.008171 -0.012899 
1 -1 
-0.013081 -0.018103 
1 -1 
-0.012617 -0.019151 
1 -1 
-0.003734 -0.016221 
-1 1 
-0.005841 -0.016749 
-1 1 
-0.007367 -0.015796 
-1 1 
-0.007394 -0.016970 
-1 1 
-0.006981 -0.017739 
-1 1 
-0.006480 -0.017614 
-1 1 
-0.006574 -0.015596 
-1 1 
-0.002601 -0.012819 
-1 1 
-0.005699 -0.017111 
-1 1 
-0.007885 -0.018128 
-1 1 
-0.007922 -0.013557 
-1 1 
-0.001268 -0.004402 
-1 1 
-0.003386 -0.004186 
-1 1 
-0.002009 -0.004075 
-1 1 
-0.001597 -0.004157 
-1 1 
-0.001849 -0.014908 
-1 1 
0.000033 -0.013518 
-1 1 
0.000536 -0.011467 
-1 1 
-0.002777 -0.014129 
-1 1 
-0.001607 -0.013970 
-1 1 
-0.003427 -0.012267 
-1 1 
-0.004208 -0.010754 
-1 1 
-0.006094 -0.011753 
-1 1 
-0.006775 -0.012696 
-1 1 
-0.004793 -0.010683 
-1 1 
-0.007971 -0.012154 
-1 1 
-0.005746 -0.012687 
-1 1 
-0.006787 -0.012376 
-1 1 
-0.005497 -0.009780 
-1 1 
-0.004468 -0.012019 
-1 1 
-0.001620 -0.010687 
-1 1 
-0.007199 -0.013264 
-1 1 
-0.004354 -0.014700 
-1 1 
-0.000202 -0.011527 
-1 1 
-0.004436 -0.010761 
-1 1 
-0.005586 -0.016207 
-1 1 
-0.001721 -0.010626 
-1 1 
-0.004468 -0.013493 
-1 1 
-0.006009 -0.015830 
-1 1 
