108 2 2
-0.009433 -0.016927 
1 -1 
-0.001200 -0.011534 
1 -1 
-0.001038 -0.012814 
1 -1 
-0.003823 -0.016061 
1 -1 
-0.004835 -0.011762 
1 -1 
-0.009918 -0.010056 
1 -1 
0.003035 -0.018141 
1 -1 
0.003557 -0.018983 
1 -1 
-0.008184 -0.016072 
1 -1 
-0.001762 -0.008024 
1 -1 
-0.005787 -0.017584 
-1 1 
-0.006408 -0.018695 
-1 1 
-0.006131 -0.018249 
-1 1 
-0.007206 -0.018810 
-1 1 
-0.006114 -0.017937 
-1 1 
-0.005602 -0.018305 
-1 1 
-0.004633 -0.017614 
-1 1 
-0.003675 -0.016238 
-1 1 
-0.006848 -0.013073 
-1 1 
-0.002324 -0.013858 
-1 1 
-0.008099 -0.020075 
-1 1 
-0.008985 -0.019298 
-1 1 
-0.009668 -0.019920 
-1 1 
-0.009307 -0.019749 
-1 1 
-0.009446 -0.020129 
-1 1 
-0.008966 -0.020231 
-1 1 
-0.008230 -0.019802 
-1 1 
-0.006327 -0.019305 
-1 1 
0.000151 -0.011674 
-1 1 
-0.005785 -0.018148 
-1 1 
-0.008611 -0.019183 
-1 1 
-0.008921 -0.019773 
-1 1 
-0.009016 -0.019579 
-1 1 
-0.009437 -0.019663 
-1 1 
-0.009007 -0.019538 
-1 1 
-0.009298 -0.019301 
-1 1 
-0.008867 -0.020389 
-1 1 
-0.007852 -0.019569 
-1 1 
-0.005685 -0.013044 
-1 1 
0.000006 -0.011509 
-1 1 
-0.001499 -0.004695 
-1 1 
-0.002056 -0.005060 
-1 1 
-0.002411 -0.004632 
-1 1 
-0.001974 -0.005338 
-1 1 
-0.002358 -0.005621 
-1 1 
-0.001766 -0.004809 
-1 1 
-0.003147 -0.015008 
-1 1 
-0.001636 -0.012510 
-1 1 
0.000016 -0.013340 
-1 1 
0.000263 -0.015110 
-1 1 
-0.005800 -0.014272 
-1 1 
-0.004607 -0.014607 
-1 1 
0.000467 -0.011523 
-1 1 
-0.003814 -0.013208 
-1 1 
0.000146 -0.011327 
-1 1 
-0.001204 -0.014501 
-1 1 
-0.000540 -0.011349 
-1 1 
-0.001078 -0.014714 
-1 1 
-0.000208 -0.014138 
-1 1 
-0.001890 -0.013846 
-1 1 
-0.000621 -0.011746 
-1 1 
-0.005753 -0.010448 
-1 1 
-0.008314 -0.010781 
-1 1 
-0.007727 -0.010242 
-1 1 
-0.008063 -0.012279 
-1 1 
-0.007601 -0.011644 
-1 1 
-0.007549 -0.011492 
-1 1 
-0.004394 -0.012872 
-1 1 
-0.007718 -0.010009 
-1 1 
-0.008550 -0.011640 
-1 1 
-0.009385 -0.011942 
-1 1 
-0.008192 -0.010908 
-1 1 
-0.007886 -0.011171 
-1 1 
-0.007103 -0.011491 
-1 1 
-0.004311 -0.012792 
-1 1 
-0.001341 -0.010442 
-1 1 
-0.001425 -0.014779 
-1 1 
-0.002066 -0.011235 
-1 1 
-0.005758 -0.010435 
-1 1 
-0.007689 -0.010720 
-1 1 
-0.008321 -0.010232 
-1 1 
-0.008665 -0.010067 
-1 1 
-0.007780 -0.009090 
-1 1 
-0.008160 -0.012359 
-1 1 
-0.007013 -0.011085 
-1 1 
-0.004640 -0.013278 
-1 1 
-0.002022 -0.011160 
-1 1 
-0.004488 -0.016697 
-1 1 
-0.004957 -0.015661 
-1 1 
-0.004901 -0.016840 
-1 1 
-0.005015 -0.016680 
-1 1 
-0.005943 -0.016062 
-1 1 
-0.005985 -0.015867 
-1 1 
-0.006019 -0.016677 
-1 1 
-0.005051 -0.014711 
-1 1 
0.000935 -0.011859 
-1 1 
-0.002173 -0.012721 
-1 1 
-0.002977 -0.013257 
-1 1 
-0.002787 -0.012670 
-1 1 
-0.002402 -0.011750 
-1 1 
-0.002852 -0.012999 
-1 1 
0.000503 -0.011441 
-1 1 
-0.008877 -0.010408 
-1 1 
-0.000965 -0.011502 
-1 1 
-0.005201 -0.016021 
-1 1 
-0.004352 -0.016954 
-1 1 
-0.004166 -0.017046 
-1 1 
-0.005893 -0.016057 
-1 1 
