-0.038180 0.023137 0.027990 0.008404 
-1 1 
-0.011438 0.038015 0.002939 0.011188 
-1 1 
-0.015766 0.068618 0.021132 0.011285 
-1 1 
-0.049218 0.013904 0.041868 -0.015979 
-1 1 
-0.007946 0.026453 -0.006342 0.010805 
-1 1 
-0.009006 0.035847 -0.009112 0.011510 
-1 1 
-0.008988 0.032124 -0.003200 0.010636 
-1 1 
-0.032537 0.007451 0.021399 -0.015129 
-1 1 
-0.012152 0.043291 0.000880 0.011480 
-1 1 
-0.012303 0.056687 0.003093 0.011788 
-1 1 
-0.010947 0.051047 0.000509 0.012030 
-1 1 
-0.006592 0.008311 -0.010085 0.008950 
-1 1 
-0.001810 0.006384 -0.039720 0.002269 
-1 1 
-0.007964 0.063152 -0.013222 -0.004717 
-1 1 
-0.008716 0.069712 -0.004867 0.002423 
-1 1 
-0.011142 0.076377 0.007860 0.004034 
-1 1 
-0.003343 0.011404 -0.024876 0.014751 
-1 1 
-0.005894 0.005432 -0.003234 0.003931 
-1 1 
-0.046254 0.035569 0.040364 0.003936 
-1 1 
-0.071110 0.035569 0.048182 0.000294 
-1 1 
-0.019609 0.012122 0.011222 0.003661 
-1 1 
-0.018509 0.012747 -0.001120 -0.004461 
-1 1 
-0.068268 0.019900 0.036720 0.001203 
-1 1 
-0.004905 0.013276 -0.012755 0.011513 
-1 1 
-0.004535 0.013157 -0.010507 0.011797 
-1 1 
-0.008547 0.027585 -0.007792 0.011862 
-1 1 
-0.008547 0.027585 -0.009799 0.008977 
-1 1 
-0.009425 0.002444 -0.002788 -0.016868 
-1 1 
-0.004131 0.010269 -0.014664 0.012240 
-1 1 
-0.003371 0.011028 -0.014889 0.012785 
-1 1 
-0.004553 0.021702 -0.019434 0.011843 
-1 1 
-0.004001 0.007405 -0.006547 0.009014 
-1 1 
-0.018600 0.011902 0.012303 0.004804 
-1 1 
-0.004671 0.003176 -0.010935 0.036138 
-1 1 
