124 4 2
-0.002682 0.005857 -0.026569 0.001642 
1 -1 
-0.001796 0.009021 -0.031680 -0.000671 
1 -1 
-0.003470 0.010181 -0.019590 -0.000673 
1 -1 
-0.003203 0.018953 -0.035318 -0.001664 
1 -1 
-0.006710 0.018821 -0.009877 -0.000959 
1 -1 
-0.005050 0.015996 -0.013931 -0.000528 
1 -1 
-0.006252 0.008557 -0.006193 -0.000565 
1 -1 
-0.005414 0.022969 -0.018581 0.003129 
1 -1 
-0.002791 0.014824 -0.027959 -0.002480 
1 -1 
-0.001873 0.012900 -0.042999 -0.001080 
1 -1 
-0.002360 0.015151 -0.039851 -0.000391 
1 -1 
-0.007835 0.031025 -0.010543 -0.000926 
1 -1 
-0.004715 0.019700 -0.021303 -0.002352 
1 -1 
-0.003393 0.011838 -0.025291 0.002459 
1 -1 
-0.020102 0.011838 0.023345 -0.008021 
1 -1 
-0.010539 0.031223 -0.003657 0.014403 
1 -1 
-0.013958 0.041353 0.004092 0.013180 
1 -1 
-0.002465 0.005242 -0.022242 0.000487 
1 -1 
-0.002913 0.012754 -0.026273 -0.003821 
1 -1 
-0.002334 0.008013 -0.019879 -0.000612 
1 -1 
-0.002171 0.013650 -0.036414 -0.003647 
1 -1 
-0.003152 0.016111 -0.028764 -0.003216 
1 -1 
-0.003855 0.022056 -0.028609 -0.001625 
1 -1 
-0.004284 0.013354 -0.017878 -0.000886 
1 -1 
-0.004279 0.013000 -0.016299 -0.000535 
1 -1 
-0.012735 0.040500 -0.000841 0.011801 
-1 1 
-0.013118 0.056174 0.004155 0.012333 
-1 1 
-0.009678 0.042134 -0.007707 0.012184 
-1 1 
-0.011648 0.051562 -0.004039 0.011949 
-1 1 
-0.009384 0.039517 -0.006913 0.012326 
-1 1 
-0.010378 0.043845 -0.002896 0.012020 
-1 1 
-0.010527 0.035925 -0.005481 0.011997 
-1 1 
-0.011487 0.045813 0.004266 0.011503 
-1 1 
-0.008051 0.013535 -0.005235 0.008961 
-1 1 
-0.021726 0.031750 0.020260 0.009007 
-1 1 
-0.011077 0.053271 -0.003120 0.012772 
-1 1 
-0.011914 0.068408 -0.000918 0.012089 
-1 1 
-0.014513 0.078047 0.006084 0.011936 
-1 1 
-0.010950 0.056836 -0.008499 0.012015 
-1 1 
-0.012158 0.073735 -0.000451 0.012495 
-1 1 
-0.008001 0.038157 -0.013546 0.012442 
-1 1 
-0.013638 0.068867 0.003174 0.012740 
-1 1 
-0.012347 0.049546 0.005266 0.011917 
-1 1 
-0.021809 0.006401 0.024602 -0.010520 
-1 1 
-0.012626 0.049314 0.003388 0.011983 
-1 1 
-0.010952 0.060667 -0.004822 0.012838 
-1 1 
-0.012045 0.057400 -0.005017 0.012537 
-1 1 
-0.007822 0.037480 -0.014725 0.012121 
-1 1 
-0.016171 0.073467 0.010662 0.012282 
-1 1 
-0.013183 0.060745 0.004634 0.012360 
-1 1 
-0.012694 0.066292 0.003312 0.012536 
-1 1 
-0.010720 0.053621 -0.005033 0.012817 
-1 1 
-0.012384 0.060339 -0.001176 0.011799 
-1 1 
-0.004770 0.006230 -0.009667 0.008037 
-1 1 
-0.014242 0.002817 0.014580 0.006961 
-1 1 
-0.008881 0.065200 -0.000515 0.005118 
-1 1 
-0.023489 0.068523 0.036119 0.004975 
-1 1 
-0.007304 0.052966 -0.010121 0.002126 
-1 1 
-0.016369 0.072085 0.013947 -0.002026 
-1 1 
-0.013287 0.069448 0.017346 0.001709 
-1 1 
-0.011443 0.043481 0.004221 0.006565 
-1 1 
-0.013252 0.071733 0.010490 0.005970 
-1 1 
-0.009991 0.077661 0.000005 -0.000219 
-1 1 
-0.013499 0.077432 0.005541 0.003002 
-1 1 
-0.014209 0.075320 0.016276 -0.000454 
-1 1 
-0.026666 0.027114 0.030058 0.003243 
-1 1 
-0.011939 0.027119 0.011168 0.002214 
-1 1 
-0.004955 0.011255 -0.024224 0.004194 
-1 1 
-0.025861 0.069172 0.043214 0.003138 
-1 1 
-0.013892 0.045295 0.016579 0.002704 
-1 1 
-0.016494 0.034419 0.014651 0.004146 
-1 1 
-0.004168 0.001729 -0.017222 0.003903 
-1 1 
-0.053652 0.039976 0.047423 0.004555 
-1 1 
-0.053652 0.039976 0.050048 0.015792 
-1 1 
-0.024286 0.029119 0.022185 0.008716 
-1 1 
-0.024286 0.029119 0.025776 0.001294 
-1 1 
-0.031124 0.048501 0.034582 0.009171 
-1 1 
-0.031460 0.053174 0.045654 0.007302 
-1 1 
-0.019710 0.023652 0.017335 0.005479 
-1 1 
-0.007069 0.001194 0.004101 -0.020287 
-1 1 
-0.003588 0.016001 -0.018038 0.011414 
-1 1 
-0.003912 0.019297 -0.008167 0.003832 
-1 1 
-0.004245 0.020940 -0.009049 0.011176 
-1 1 
-0.004764 0.021851 -0.004955 0.004694 
-1 1 
-0.004764 0.021851 -0.008227 0.011451 
-1 1 
-0.004272 0.020471 -0.011312 0.004876 
-1 1 
-0.003953 0.021106 -0.009259 0.004876 
-1 1 
-0.004093 0.021853 -0.010446 0.007424 
-1 1 
-0.003966 0.001372 0.003024 -0.022006 
-1 1 
-0.011674 0.018171 0.007263 0.003698 
-1 1 
-0.014964 0.043599 0.006043 0.010369 
-1 1 
-0.004147 0.006460 -0.014198 0.004024 
-1 1 
-0.007248 0.014016 -0.006702 0.003573 
-1 1 
-0.004486 0.017485 -0.010181 0.011661 
-1 1 
-0.004394 0.020332 -0.007657 0.004906 
-1 1 
-0.004876 0.020818 -0.007497 0.012277 
-1 1 
-0.007259 0.034192 -0.008024 0.011890 
-1 1 
-0.005513 0.025730 -0.010406 0.005101 
-1 1 
-0.003955 0.018557 -0.010427 0.004997 
-1 1 
-0.005379 0.025239 -0.006876 0.005655 
-1 1 
-0.003488 0.014590 -0.015941 0.004466 
-1 1 
-0.007712 0.004666 -0.005306 0.010546 
-1 1 
-0.029320 0.017988 0.018364 0.002774 
-1 1 
-0.013846 0.024399 0.011363 0.011583 
-1 1 
-0.014054 0.023792 0.010278 0.012452 
-1 1 
-0.012678 0.024795 0.010998 0.011816 
-1 1 
-0.012410 0.026943 0.010756 0.011615 
-1 1 
-0.015838 0.045032 0.018108 0.011935 
-1 1 
-0.006931 0.016353 -0.007052 0.009537 
-1 1 
-0.010090 0.035125 -0.005301 0.011048 
-1 1 
-0.008390 0.015989 -0.007645 0.008297 
-1 1 
-0.011866 0.006646 -0.000147 0.008675 
-1 1 
-0.013715 0.023037 0.011516 0.004653 
-1 1 
-0.020270 0.041313 0.017816 0.003300 
-1 1 
-0.013806 0.049849 0.011632 0.004224 
-1 1 
-0.018061 0.030835 0.011107 0.005087 
-1 1 
-0.019366 0.035625 0.012016 0.004091 
-1 1 
-0.013933 0.024885 0.005518 0.013914 
-1 1 
-0.003400 0.010596 -0.010146 0.006723 
-1 1 
-0.023239 0.022507 0.036032 0.004860 
-1 1 
-0.016920 0.032444 0.019470 0.009621 
-1 1 
-0.018375 0.030940 0.020426 0.009995 
-1 1 
-0.017999 0.037356 0.019120 0.009593 
-1 1 
-0.011149 0.040671 0.008857 0.011553 
-1 1 
