24 2 3
0.027695 0.001395 
1 -1 -1 
0.059246 0.007135 
1 -1 -1 
0.039522 0.004729 
1 -1 -1 
0.078125 0.009002 
1 -1 -1 
0.046870 0.005071 
1 -1 -1 
0.047671 0.004993 
1 -1 -1 
0.022244 0.002362 
1 -1 -1 
0.065391 0.006038 
-1 1 -1 
0.067932 0.008777 
-1 1 -1 
0.081784 0.011758 
-1 1 -1 
0.079340 0.009988 
-1 1 -1 
0.070625 0.009307 
-1 1 -1 
0.061485 0.006011 
-1 1 -1 
0.046726 0.004000 
-1 1 -1 
0.017727 0.000498 
-1 1 -1 
0.060849 0.013186 
-1 1 -1 
0.026509 0.001336 
-1 -1 1 
0.056538 0.006262 
-1 -1 1 
0.042351 0.005279 
-1 -1 1 
0.076526 0.010107 
-1 -1 1 
0.067232 0.007670 
-1 -1 1 
0.079268 0.009806 
-1 -1 1 
0.044523 0.005339 
-1 -1 1 
0.043381 0.004351 
-1 -1 1 
