35 4 2
0.285662 0.012303 -0.001201 0.001135 
1 -1 
0.370534 -0.009240 -0.000198 0.000327 
1 -1 
0.015601 0.027990 0.001499 0.001511 
-1 1 
-0.064839 0.002939 -0.000108 0.008446 
-1 1 
-0.115840 0.021132 -0.000035 0.014038 
-1 1 
-0.421718 0.041868 -0.000370 0.000597 
-1 1 
-0.002604 -0.006342 -0.000258 0.006121 
-1 1 
-0.083795 -0.009112 -0.000015 0.010027 
-1 1 
-0.085783 -0.003200 -0.000049 0.006261 
-1 1 
-0.528225 0.021399 -0.000073 0.000217 
-1 1 
-0.067880 0.000880 -0.000168 0.008199 
-1 1 
-0.182449 0.003093 0.000036 0.014830 
-1 1 
-0.163081 0.000509 -0.000221 0.012033 
-1 1 
-0.037951 -0.010085 -0.000255 0.001752 
-1 1 
-0.326834 -0.039720 -0.000773 0.003010 
-1 1 
0.169718 -0.013222 -0.002057 0.020787 
-1 1 
-0.086851 -0.004867 -0.002471 0.021228 
-1 1 
-0.112943 0.007860 -0.002190 0.025575 
-1 1 
-0.032498 -0.024876 -0.001952 0.003324 
-1 1 
0.233565 -0.003234 -0.000873 0.000746 
-1 1 
0.168443 0.040364 -0.000082 0.003420 
-1 1 
-0.182280 0.048182 0.000310 0.002976 
-1 1 
0.260546 0.011222 -0.000407 0.001248 
-1 1 
0.289616 -0.001120 -0.000921 0.000815 
-1 1 
-0.031027 0.036720 0.001249 0.001092 
-1 1 
-0.410810 -0.012755 -0.001689 0.006678 
-1 1 
-0.487739 -0.010507 -0.002195 0.008923 
-1 1 
-0.516060 -0.007792 -0.002797 0.011044 
-1 1 
-0.205824 -0.009799 -0.002150 0.006860 
-1 1 
0.019424 -0.002788 -0.000038 0.000147 
-1 1 
-0.389015 -0.014664 -0.001813 0.006374 
-1 1 
-0.505189 -0.014889 -0.001752 0.007944 
-1 1 
-0.445348 -0.019434 -0.001645 0.010543 
-1 1 
-0.011329 -0.014934 -0.001356 0.002854 
-1 1 
0.032265 0.012922 0.001374 0.001266 
-1 1 
