-0.212059 0.018364 0.000238 0.001339 
1 -1 
-0.188154 0.011363 -0.002446 0.004889 
1 -1 
-0.234933 0.010278 -0.002246 0.005081 
1 -1 
-0.175481 0.010998 -0.002499 0.006155 
1 -1 
-0.211102 0.010756 -0.002464 0.006491 
1 -1 
-0.241041 0.018108 -0.002973 0.009155 
1 -1 
0.024346 -0.007052 -0.002112 0.004135 
1 -1 
-0.007457 -0.005301 -0.000477 0.006828 
1 -1 
-0.025977 -0.007645 -0.000473 0.003244 
1 -1 
-0.031275 -0.000147 0.000516 0.000335 
1 -1 
0.078653 0.011516 -0.001399 0.004126 
1 -1 
0.217819 0.017816 -0.001643 0.009050 
1 -1 
0.211059 0.011632 -0.001794 0.012043 
1 -1 
0.155668 0.011107 -0.001398 0.006435 
1 -1 
0.297423 0.012016 -0.002019 0.008880 
1 -1 
0.319622 0.005518 -0.001131 0.005483 
1 -1 
-0.072365 -0.010146 -0.003127 0.004523 
1 -1 
-0.107033 0.036032 -0.000488 0.001926 
1 -1 
-0.130407 0.019470 -0.002273 0.006920 
1 -1 
-0.078887 0.020426 -0.002186 0.006144 
1 -1 
-0.121197 0.019120 -0.001972 0.007474 
1 -1 
-0.193594 0.008857 -0.002498 0.008547 
1 -1 
-0.059530 -0.000841 -0.000576 0.009463 
-1 1 
-0.158850 0.004155 -0.000425 0.013444 
-1 1 
-0.138844 -0.007707 -0.000164 0.012005 
-1 1 
-0.143923 -0.004039 -0.000370 0.015137 
-1 1 
-0.129658 -0.006913 -0.000319 0.011812 
-1 1 
-0.079514 -0.002896 -0.000210 0.009824 
-1 1 
-0.080338 -0.005481 -0.000073 0.008554 
-1 1 
-0.059978 0.004266 0.000109 0.008331 
-1 1 
-0.104765 -0.005235 -0.001303 0.003173 
-1 1 
0.035566 0.020260 -0.000169 0.003559 
-1 1 
-0.186231 -0.003120 -0.000297 0.014784 
-1 1 
-0.247824 -0.000918 -0.000398 0.021456 
-1 1 
-0.215382 0.006084 -0.000435 0.024419 
-1 1 
-0.211184 -0.008499 -0.000500 0.020072 
-1 1 
-0.249517 -0.000451 -0.000223 0.024954 
-1 1 
-0.211502 -0.013546 -0.000379 0.015411 
-1 1 
-0.205390 0.003174 -0.000384 0.020815 
-1 1 
-0.090939 0.005266 -0.000322 0.010484 
-1 1 
-0.013962 0.024602 0.000132 0.000168 
-1 1 
-0.088359 0.003388 -0.000331 0.010665 
-1 1 
-0.248100 -0.004822 -0.000312 0.019263 
-1 1 
-0.203540 -0.005017 -0.000300 0.018167 
-1 1 
-0.251157 -0.014725 -0.000358 0.016234 
-1 1 
-0.218707 0.010662 -0.000430 0.020304 
-1 1 
-0.237403 0.004634 -0.000154 0.016030 
-1 1 
-0.236357 0.003312 -0.000198 0.019313 
-1 1 
-0.230386 -0.005033 -0.000112 0.016013 
-1 1 
-0.211746 -0.001176 -0.000332 0.017945 
-1 1 
-0.064800 -0.009667 -0.001670 0.001806 
-1 1 
0.011165 0.014580 -0.000200 0.000037 
-1 1 
-0.072608 -0.000515 -0.002726 0.020626 
-1 1 
-0.093596 0.036119 -0.001748 0.012414 
-1 1 
-0.111737 -0.010121 -0.001811 0.020855 
-1 1 
-0.111422 0.013947 -0.001480 0.022381 
-1 1 
-0.091878 0.017346 -0.001679 0.022689 
-1 1 
-0.182244 0.004221 -0.001377 0.014503 
-1 1 
-0.142392 0.010490 -0.001279 0.027853 
-1 1 
-0.166089 0.000005 -0.000670 0.031236 
-1 1 
-0.148883 0.005541 -0.000873 0.034307 
-1 1 
-0.098796 0.016276 -0.000306 0.026609 
-1 1 
0.238177 0.030058 -0.000551 0.002477 
-1 1 
0.146827 0.011168 0.000777 0.004176 
-1 1 
-0.473119 -0.024224 0.000899 0.001261 
-1 1 
0.022050 0.043214 0.000931 0.011462 
-1 1 
0.079306 0.016579 -0.000035 0.008416 
-1 1 
0.021591 0.014651 -0.000641 0.004983 
-1 1 
-0.000460 -0.017222 -0.000072 0.000129 
-1 1 
0.209858 0.047423 -0.000540 0.003714 
-1 1 
-0.385896 0.050048 0.000442 0.003361 
-1 1 
0.143048 0.022185 -0.000433 0.003441 
-1 1 
-0.468833 0.025776 0.000088 0.002971 
-1 1 
0.104687 0.034582 0.000094 0.006080 
-1 1 
0.165345 0.045654 0.000171 0.006815 
-1 1 
0.202476 0.017335 -0.000427 0.002720 
-1 1 
-0.117489 0.004101 -0.000269 0.000081 
-1 1 
-0.371984 -0.018038 -0.001933 0.015782 
-1 1 
0.176806 -0.008167 -0.005974 0.026314 
-1 1 
-0.638940 -0.009049 -0.002960 0.033189 
-1 1 
0.156811 -0.004955 -0.005330 0.034049 
-1 1 
-0.640950 -0.008227 -0.001813 0.029534 
-1 1 
0.278794 -0.011312 -0.002085 0.025901 
-1 1 
0.153487 -0.009259 -0.004741 0.031899 
-1 1 
0.029333 -0.010446 -0.005169 0.022280 
-1 1 
-0.134558 0.003024 -0.000906 0.000085 
-1 1 
-0.120790 0.007263 0.000435 0.002637 
-1 1 
0.110656 0.006043 -0.000108 0.009477 
-1 1 
-0.136655 -0.014198 -0.001438 0.001515 
-1 1 
-0.505317 -0.006702 -0.000602 0.005845 
-1 1 
-0.533340 -0.010181 -0.001818 0.017004 
-1 1 
0.193416 -0.007657 -0.005404 0.028378 
-1 1 
-0.632913 -0.007497 -0.003376 0.026347 
-1 1 
-0.597275 -0.008024 -0.002126 0.024604 
-1 1 
0.248236 -0.010406 -0.001831 0.024380 
-1 1 
0.260161 -0.010427 -0.002273 0.023745 
-1 1 
0.108529 -0.006876 -0.003980 0.030920 
-1 1 
-0.140976 -0.015941 -0.003733 0.013434 
-1 1 
0.256456 0.006666 -0.000406 0.000337 
-1 1 
-0.009682 -0.026569 -0.002071 0.001395 
-1 1 
-0.067282 -0.031680 -0.001870 0.007135 
-1 1 
-0.053374 -0.019590 -0.001842 0.004729 
-1 1 
-0.037501 -0.035318 -0.001731 0.009002 
-1 1 
-0.063007 -0.009877 -0.001739 0.005071 
-1 1 
-0.063329 -0.013931 -0.001698 0.004993 
-1 1 
-0.030783 -0.006193 -0.001234 0.002362 
-1 1 
-0.053112 -0.018581 -0.002122 0.006038 
-1 1 
-0.032530 -0.027959 -0.001580 0.008777 
-1 1 
-0.068619 -0.042999 -0.001824 0.011758 
-1 1 
-0.050647 -0.039851 -0.001493 0.009988 
-1 1 
-0.081841 -0.010543 -0.001456 0.009307 
-1 1 
-0.021023 -0.021303 -0.001549 0.006011 
-1 1 
-0.044739 -0.025291 -0.001068 0.004000 
-1 1 
0.049980 0.023345 -0.000356 0.000498 
-1 1 
-0.024941 -0.003657 -0.001867 0.013186 
-1 1 
-0.030231 0.004092 -0.002157 0.017455 
-1 1 
0.047035 -0.022242 -0.002395 0.001336 
-1 1 
-0.071122 -0.026273 -0.000933 0.006262 
-1 1 
-0.088255 -0.019879 -0.001563 0.005279 
-1 1 
-0.047010 -0.036414 -0.001648 0.010107 
-1 1 
-0.053091 -0.028764 -0.001485 0.007670 
-1 1 
-0.063051 -0.028609 -0.001483 0.009806 
-1 1 
-0.055540 -0.017878 -0.001292 0.005339 
-1 1 
-0.024994 -0.016299 -0.000820 0.004351 
-1 1 
