0.024123 0.001339 
1 -1 -1 
0.042021 0.004889 
1 -1 -1 
0.040721 0.005081 
1 -1 -1 
0.044353 0.006155 
1 -1 -1 
0.048654 0.006491 
1 -1 -1 
0.073465 0.009155 
1 -1 -1 
0.039947 0.004135 
1 -1 -1 
0.069937 0.006828 
1 -1 -1 
0.039834 0.002841 
-1 1 -1 
0.061694 0.007215 
-1 1 -1 
0.085955 0.010985 
-1 1 -1 
0.047908 0.005437 
-1 1 -1 
0.054021 0.007059 
-1 1 -1 
0.042746 0.006098 
-1 1 -1 
0.041763 0.004523 
-1 1 -1 
0.032192 0.001926 
-1 -1 1 
0.051619 0.006920 
-1 -1 1 
0.047778 0.006144 
-1 -1 1 
0.058110 0.007474 
-1 -1 1 
0.077150 0.008547 
-1 -1 1 
