-0.588929 
1 -1 -1 
-0.550698 
1 -1 -1 
0.368058 
-1 1 -1 
0.582407 
-1 1 -1 
0.069143 
-1 1 -1 
-0.026582 
-1 -1 1 
-0.021560 
-1 -1 1 
-0.085580 
-1 -1 1 
-0.050047 
-1 -1 1 
-0.036517 
-1 -1 1 
-0.059025 
-1 -1 1 
-0.001470 
-1 -1 1 
-0.050197 
-1 -1 1 
-0.103547 
-1 -1 1 
-0.046914 
-1 -1 1 
0.021113 
-1 -1 1 
-0.029004 
-1 -1 1 
-0.135229 
-1 -1 1 
-0.050566 
-1 -1 1 
-0.087260 
-1 -1 1 
-0.093778 
-1 -1 1 
-0.066849 
-1 -1 1 
-0.018910 
-1 -1 1 
-0.103470 
-1 -1 1 
-0.023880 
-1 -1 1 
-0.063327 
-1 -1 1 
-0.045403 
-1 -1 1 
-0.105772 
-1 -1 1 
-0.055552 
-1 -1 1 
-0.123415 
-1 -1 1 
0.021408 
-1 -1 1 
-0.170334 
-1 -1 1 
-0.083460 
-1 -1 1 
-0.023872 
-1 -1 1 
-0.063823 
-1 -1 1 
