-0.005953 23.364443 -0.000084 0.000946 
1 -1 
-0.015885 27.947102 0.000416 0.001344 
1 -1 
-0.013884 28.762650 -0.000771 0.001201 
1 -1 
-0.014392 28.675611 -0.000404 0.001514 
1 -1 
-0.012966 26.893836 -0.000691 0.001181 
1 -1 
-0.007951 25.911211 -0.000290 0.000982 
1 -1 
-0.008034 23.014725 -0.000548 0.000855 
1 -1 
-0.005998 23.018123 0.000427 0.000833 
1 -1 
-0.010477 8.246743 -0.000523 0.000317 
1 -1 
0.003557 8.206401 0.002026 0.000356 
1 -1 
-0.018623 29.539555 -0.000312 0.001478 
1 -1 
-0.024782 31.950633 -0.000092 0.002146 
1 -1 
-0.021538 31.775920 0.000608 0.002442 
1 -1 
-0.021118 31.015768 -0.000850 0.002007 
1 -1 
-0.024952 32.700803 -0.000045 0.002495 
1 -1 
-0.021150 32.126666 -0.001355 0.001541 
1 -1 
-0.020539 31.598021 0.000317 0.002082 
1 -1 
-0.009094 28.503660 0.000527 0.001048 
1 -1 
-0.001396 0.239432 0.002460 0.000017 
1 -1 
-0.008836 25.425381 0.000339 0.001066 
1 -1 
-0.024810 30.175762 -0.000482 0.001926 
1 -1 
-0.020354 31.905313 -0.000502 0.001817 
1 -1 
-0.025116 31.889102 -0.001473 0.001623 
1 -1 
-0.021871 31.535324 0.001066 0.002030 
1 -1 
-0.023740 30.632139 0.000463 0.001603 
1 -1 
-0.023636 32.089199 0.000331 0.001931 
1 -1 
-0.023039 31.932184 -0.000503 0.001601 
1 -1 
-0.021175 32.135879 -0.000118 0.001794 
1 -1 
-0.006480 6.875271 -0.000967 0.000181 
1 -1 
1.152619 9204.246000 0.000292 0.000011 
1 -1 
-0.037198 34.401922 -0.001804 0.001578 
-1 1 
0.017681 69.161000 -0.000817 0.002631 
-1 1 
-0.063894 53.865414 -0.000905 0.003319 
-1 1 
0.015681 79.170383 -0.000496 0.003405 
-1 1 
-0.064095 49.129785 -0.000823 0.002953 
-1 1 
0.027879 65.772414 -0.001131 0.002590 
-1 1 
0.015349 75.239820 -0.000926 0.003190 
-1 1 
0.002933 39.406266 -0.001045 0.002228 
-1 1 
-0.013456 0.518713 0.000302 0.000009 
-1 1 
-0.012079 3.642192 0.000726 0.000264 
-1 1 
0.011066 18.168025 0.000604 0.000948 
-1 1 
-0.013666 4.025054 -0.001420 0.000152 
-1 1 
-0.050532 13.855061 -0.000670 0.000584 
-1 1 
-0.053334 40.958922 -0.001018 0.001700 
-1 1 
0.019342 73.466320 -0.000766 0.002838 
-1 1 
-0.063291 44.322605 -0.000750 0.002635 
-1 1 
-0.059727 39.579230 -0.000802 0.002460 
-1 1 
0.024824 62.539359 -0.001041 0.002438 
-1 1 
0.026016 66.630773 -0.001043 0.002374 
-1 1 
0.010853 74.782781 -0.000688 0.003092 
-1 1 
-0.014098 22.818559 -0.001594 0.001343 
-1 1 
0.025921 6.639660 0.000006 0.000029 
-1 1 
-0.007261 7.818783 -0.000052 0.002063 
-1 1 
-0.009360 6.978892 0.003612 0.001241 
-1 1 
-0.011174 7.133281 -0.001012 0.002085 
-1 1 
-0.011142 8.453797 0.001395 0.002238 
-1 1 
-0.009188 7.823905 0.001735 0.002269 
-1 1 
-0.018224 8.531656 0.000422 0.001450 
-1 1 
-0.014239 8.941022 0.001049 0.002785 
-1 1 
-0.016609 10.518839 0.000000 0.003124 
-1 1 
-0.014888 10.145501 0.000554 0.003431 
-1 1 
-0.009880 9.858687 0.001628 0.002661 
-1 1 
0.023818 11.262299 0.003006 0.000248 
-1 1 
0.014683 14.088164 0.001117 0.000418 
-1 1 
-0.047312 3.963424 -0.002422 0.000126 
-1 1 
0.002205 13.935828 0.004321 0.001146 
-1 1 
0.007931 14.828059 0.001658 0.000842 
-1 1 
0.002159 12.194465 0.001465 0.000498 
-1 1 
-0.000046 0.047083 -0.001722 0.000013 
-1 1 
0.020986 12.523759 0.004742 0.000371 
-1 1 
-0.038590 0.827193 0.005005 0.000336 
-1 1 
0.014305 14.028869 0.002219 0.000344 
-1 1 
-0.046883 1.107068 0.002578 0.000297 
-1 1 
0.010469 14.078021 0.003458 0.000608 
-1 1 
0.016535 16.160405 0.004565 0.000681 
-1 1 
0.020248 12.686227 0.001734 0.000272 
-1 1 
-0.012021 0.103228 0.000891 0.000003 
-1 1 
-0.000968 3.523342 -0.002657 0.000140 
-1 1 
-0.006728 8.362952 -0.003168 0.000714 
-1 1 
-0.005337 6.481113 -0.001959 0.000473 
-1 1 
-0.003750 7.931061 -0.003532 0.000900 
-1 1 
-0.006301 6.852244 -0.000988 0.000507 
-1 1 
-0.006333 7.625320 -0.001393 0.000499 
-1 1 
-0.003078 4.786534 -0.000619 0.000236 
-1 1 
-0.005311 5.459672 -0.001858 0.000604 
-1 1 
-0.003253 7.709791 -0.002796 0.000878 
-1 1 
-0.006862 7.512111 -0.004300 0.001176 
-1 1 
-0.005065 7.767203 -0.003985 0.000999 
-1 1 
-0.008184 7.442618 -0.001054 0.000931 
-1 1 
-0.002102 7.614063 -0.002130 0.000601 
-1 1 
-0.004474 5.130212 -0.002529 0.000400 
-1 1 
0.004998 0.241456 0.002334 0.000050 
-1 1 
-0.002494 13.282424 -0.000366 0.001319 
-1 1 
-0.003023 13.685175 0.000409 0.001745 
-1 1 
0.004704 3.033584 -0.002224 0.000134 
-1 1 
-0.007112 6.998574 -0.002627 0.000626 
-1 1 
-0.008826 6.840744 -0.001988 0.000528 
-1 1 
-0.004701 8.148488 -0.003641 0.001011 
-1 1 
-0.005309 7.787629 -0.002876 0.000767 
-1 1 
-0.006305 8.628411 -0.002861 0.000981 
-1 1 
-0.005554 7.931640 -0.001788 0.000534 
-1 1 
-0.002499 6.665192 -0.001630 0.000435 
-1 1 
-0.021206 3.975156 0.001836 0.000134 
-1 1 
-0.018815 13.731227 0.001136 0.000489 
-1 1 
-0.023493 15.151562 0.001028 0.000508 
-1 1 
-0.017548 14.866891 0.001100 0.000616 
-1 1 
-0.021110 15.281658 0.001076 0.000649 
-1 1 
-0.024104 14.457745 0.001811 0.000916 
-1 1 
0.002435 16.229638 -0.000705 0.000414 
-1 1 
-0.000746 19.815609 -0.000530 0.000683 
-1 1 
-0.002598 12.843753 -0.000765 0.000324 
-1 1 
-0.003127 2.973503 -0.000015 0.000034 
-1 1 
0.007865 12.847363 0.001152 0.000413 
-1 1 
0.021782 21.414350 0.001782 0.000905 
-1 1 
0.021106 23.780971 0.001163 0.001204 
-1 1 
0.015567 22.333664 0.001111 0.000644 
-1 1 
0.029742 21.684053 0.001202 0.000888 
-1 1 
0.031962 8.884221 0.000552 0.000548 
-1 1 
-0.007237 12.760028 -0.001015 0.000452 
-1 1 
-0.010703 3.358468 0.003603 0.000193 
-1 1 
-0.013041 14.276246 0.001947 0.000692 
-1 1 
-0.007889 13.377507 0.002043 0.000614 
-1 1 
-0.012120 14.807162 0.001912 0.000747 
-1 1 
-0.019359 15.101799 0.000886 0.000855 
-1 1 
