46 2 2
-0.000429 0.006496 
1 -1 
-0.000613 0.011928 
1 -1 
-0.000810 0.006449 
1 -1 
-0.001877 0.004022 
1 -1 
-0.000631 0.012302 
1 -1 
-0.000399 0.016743 
1 -1 
-0.000623 0.004600 
1 -1 
0.000982 0.004940 
1 -1 
-0.000346 0.012782 
1 -1 
-0.000899 0.011450 
1 -1 
-0.001661 0.015925 
-1 1 
-0.004636 0.024944 
-1 1 
-0.003806 0.018903 
-1 1 
-0.002994 0.004352 
-1 1 
-0.001306 0.012373 
-1 1 
-0.004595 0.029687 
-1 1 
-0.003042 0.033365 
-1 1 
-0.001880 0.011334 
-1 1 
-0.001609 0.017996 
-1 1 
-0.002552 0.020298 
-1 1 
-0.002130 0.017401 
-1 1 
-0.001828 0.018001 
-1 1 
-0.001093 0.003545 
-1 1 
0.000268 0.010954 
-1 1 
-0.000177 0.000084 
-1 1 
-0.001089 0.002452 
-1 1 
-0.000556 0.001914 
-1 1 
-0.002524 0.000521 
-1 1 
-0.002584 0.001517 
-1 1 
-0.002035 0.004205 
-1 1 
-0.002186 0.004533 
-1 1 
-0.001808 0.001384 
-1 1 
-0.002146 0.007568 
-1 1 
-0.002170 0.002997 
-1 1 
-0.001490 0.006497 
-1 1 
-0.001258 0.003417 
-1 1 
-0.001022 0.002893 
-1 1 
-0.000555 0.002412 
-1 1 
-0.002295 0.003140 
-1 1 
-0.001922 0.006963 
-1 1 
0.000050 0.004494 
-1 1 
-0.000358 0.004089 
-1 1 
-0.002141 0.006979 
-1 1 
0.000156 0.002178 
-1 1 
-0.002208 0.004112 
-1 1 
-0.002704 0.004884 
-1 1 
