-0.005787 0.578308 
1 -1 -1 
-0.006408 1.231232 
1 -1 -1 
-0.006131 1.420898 
1 -1 -1 
-0.007206 1.648102 
1 -1 -1 
-0.006114 1.464386 
1 -1 -1 
-0.005602 1.348724 
1 -1 -1 
-0.004633 0.793152 
1 -1 -1 
-0.003675 0.852814 
1 -1 -1 
-0.002324 0.507202 
-1 1 -1 
-0.008099 0.855103 
-1 1 -1 
-0.008985 1.271667 
-1 1 -1 
-0.009668 1.035614 
-1 1 -1 
-0.009307 1.285400 
-1 1 -1 
-0.009446 1.091461 
-1 1 -1 
-0.008966 2.186584 
-1 1 -1 
-0.008230 1.365051 
-1 1 -1 
-0.005785 0.709229 
-1 -1 1 
-0.008611 1.344452 
-1 -1 1 
-0.008921 2.498169 
-1 -1 1 
-0.009016 1.449280 
-1 -1 1 
-0.009437 1.631470 
-1 -1 1 
-0.009007 1.179962 
-1 -1 1 
-0.009298 0.995789 
-1 -1 1 
-0.008867 1.334534 
-1 -1 1 
-0.007852 1.379547 
-1 -1 1 
-0.005685 1.514130 
-1 -1 1 
-0.002419 0.984497 
-1 -1 1 
