44 12 5
-0.000003 0.001689 -0.000996 -0.001695 0.000099 0.002057 -0.000488 0.004144 0.000034 -0.000488 0.043400 0.002394 
1 -1 -1 -1 -1 
-0.000170 0.002642 -0.003194 -0.000827 0.000515 -0.001030 -0.000800 0.003426 0.000537 -0.000800 0.125230 0.002614 
1 -1 -1 -1 -1 
-0.000153 0.004398 -0.003693 -0.001191 0.000837 0.000850 -0.000731 0.003557 0.000586 -0.000731 0.128032 0.002624 
1 -1 -1 -1 -1 
-0.000137 0.003216 -0.003544 -0.000907 0.000701 -0.000224 -0.000941 0.003244 0.001346 -0.000941 0.123508 0.002685 
1 -1 -1 -1 -1 
-0.000165 0.003789 -0.004226 -0.000897 0.001003 -0.000740 -0.000783 0.003064 0.001008 -0.000783 0.134510 0.002838 
1 -1 -1 -1 -1 
-0.000174 0.002681 -0.004411 -0.000608 0.001260 -0.001575 -0.001214 0.004162 0.001518 -0.001214 0.137528 0.003158 
1 -1 -1 -1 -1 
-0.000186 0.004357 -0.005066 -0.000860 0.001238 -0.000823 -0.001049 0.003208 0.001290 -0.001049 0.134190 0.003167 
1 -1 -1 -1 -1 
-0.000188 0.004912 -0.003656 -0.001344 0.000982 0.001001 -0.000993 0.003797 0.001179 -0.000993 0.131206 0.002867 
1 -1 -1 -1 -1 
-0.000153 0.003683 -0.004217 -0.000873 0.000742 -0.000870 -0.000865 0.005567 0.000715 -0.000865 0.123690 0.002841 
1 -1 -1 -1 -1 
-0.000135 0.003309 -0.003550 -0.000932 0.000728 -0.000435 -0.000799 0.004210 0.001254 -0.000799 0.122072 0.002783 
1 -1 -1 -1 -1 
-0.000136 0.002813 -0.003652 -0.000770 0.000570 -0.001261 -0.000715 0.003051 0.001004 -0.000715 0.119134 0.002716 
1 -1 -1 -1 -1 
-0.000120 0.003467 -0.003740 -0.000927 0.000773 -0.000537 -0.000808 0.005273 0.001497 -0.000808 0.123020 0.002857 
1 -1 -1 -1 -1 
-0.000141 0.002501 -0.003226 -0.000775 0.000501 -0.001066 -0.000800 0.003386 0.000653 -0.000800 0.115140 0.002575 
1 -1 -1 -1 -1 
-0.000395 0.002638 -0.004884 -0.000540 0.000935 -0.001615 -0.001046 0.003117 0.000948 -0.001046 0.101200 0.003698 
-1 1 -1 -1 -1 
-0.000368 0.003082 -0.007432 -0.000415 0.001956 -0.002233 -0.000671 0.003610 0.000948 -0.000671 0.113850 0.003563 
-1 1 -1 -1 -1 
-0.000367 0.003082 -0.007872 -0.000391 0.002012 -0.002522 -0.001452 0.003431 0.001371 -0.001452 0.118652 0.003416 
-1 1 -1 -1 -1 
-0.000507 0.002773 -0.007872 -0.000352 0.002123 -0.002719 -0.004340 0.004167 0.001558 -0.004340 0.114054 0.003568 
-1 1 -1 -1 -1 
-0.000390 0.003784 -0.006667 -0.000568 0.001643 -0.001664 -0.004340 0.003478 0.003080 -0.004340 0.113566 0.003387 
-1 1 -1 -1 -1 
-0.000389 0.003784 -0.007471 -0.000507 0.002358 -0.001956 -0.003880 0.002955 0.003080 -0.003880 0.115882 0.003335 
-1 1 -1 -1 -1 
-0.000414 0.003016 -0.007471 -0.000404 0.001931 -0.002487 -0.004768 0.002809 0.002611 -0.004768 0.120438 0.003373 
-1 1 -1 -1 -1 
-0.000386 0.002292 -0.003889 -0.000589 0.001297 -0.001039 -0.004768 0.002121 0.002611 -0.004768 0.119884 0.003357 
-1 1 -1 -1 -1 
-0.000355 0.002292 -0.003889 -0.000589 0.001665 -0.001056 -0.004592 0.003819 0.004377 -0.004592 0.141910 0.003123 
-1 1 -1 -1 -1 
-0.000384 0.001253 -0.003780 -0.000331 0.001650 -0.001204 -0.004402 0.003392 0.005004 -0.004402 0.179180 0.001851 
-1 1 -1 -1 -1 
-0.000363 0.003470 -0.006828 -0.000508 0.001482 -0.002118 -0.002532 0.006380 0.001161 -0.002532 0.052032 0.004013 
-1 -1 1 -1 -1 
-0.000325 0.002949 -0.007769 -0.000380 0.001801 -0.002533 -0.001402 0.008624 0.001229 -0.001402 0.055540 0.005032 
-1 -1 1 -1 -1 
-0.000337 0.003333 -0.007997 -0.000417 0.001551 -0.003350 -0.001643 0.010936 0.003488 -0.001643 0.056328 0.005620 
-1 -1 1 -1 -1 
-0.000370 0.005326 -0.005121 -0.001040 0.001742 0.000206 -0.002128 0.005830 0.002663 -0.002128 0.065346 0.005130 
-1 -1 1 -1 -1 
-0.000170 0.005326 -0.005121 -0.001040 0.001298 0.000441 -0.001500 0.008952 0.002663 -0.001500 0.038446 0.014082 
-1 -1 1 -1 -1 
-0.000308 0.005015 -0.005743 -0.000873 0.001714 -0.000593 -0.001176 0.009143 0.001916 -0.001176 0.056522 0.006660 
-1 -1 1 -1 -1 
-0.000367 0.000245 -0.001851 -0.000133 0.000149 -0.001613 -0.001359 0.005876 0.000655 -0.001359 0.051284 0.001991 
-1 -1 -1 1 -1 
-0.000362 0.000305 -0.002307 -0.000132 0.000134 -0.002566 -0.000914 0.004700 0.000037 -0.000914 0.046530 0.002306 
-1 -1 -1 1 -1 
-0.000214 0.000004 -0.000423 -0.000010 0.000016 0.000042 -0.000390 0.002372 -0.000166 -0.000390 0.014002 0.002082 
-1 -1 -1 1 -1 
-0.000401 0.000171 -0.001042 -0.000164 0.000029 -0.000661 -0.000546 0.002842 0.000149 -0.000546 0.040362 0.001926 
-1 -1 -1 1 -1 
-0.000231 0.001140 -0.003188 -0.000357 0.000486 -0.001770 -0.003775 0.005057 0.003515 -0.003775 0.051776 0.003389 
-1 -1 -1 1 -1 
-0.000218 0.001416 -0.005572 -0.000254 0.000703 -0.004060 -0.004255 0.005810 0.003183 -0.004255 0.052378 0.003733 
-1 -1 -1 1 -1 
-0.000190 0.000715 -0.003183 -0.000225 0.000357 -0.002132 -0.003513 0.003957 0.003929 -0.003513 0.056656 0.003176 
-1 -1 -1 1 -1 
-0.000216 0.000930 -0.003007 -0.000309 0.000367 -0.001652 -0.002169 0.005809 0.006566 -0.002169 0.064620 0.003802 
-1 -1 -1 1 -1 
-0.000084 0.000233 -0.000429 -0.000544 0.000035 0.000032 -0.000370 0.002992 -0.000040 -0.000370 0.055324 0.002139 
-1 -1 -1 -1 1 
-0.000454 0.001522 -0.002522 -0.000603 0.000244 0.000268 -0.001359 0.002739 0.000040 -0.001359 0.066808 0.001698 
-1 -1 -1 -1 1 
-0.000289 0.001522 -0.002522 -0.000603 0.000220 -0.000318 -0.001359 0.007599 0.001229 -0.001359 0.039730 0.003515 
-1 -1 -1 -1 1 
-0.000352 0.001543 -0.001328 -0.001162 0.000215 0.001748 -0.002247 0.004848 0.001195 -0.002247 0.089702 0.002022 
-1 -1 -1 -1 1 
-0.000335 0.001944 -0.001039 -0.001872 0.000251 0.001701 -0.001760 0.003464 0.001553 -0.001760 0.088748 0.002273 
-1 -1 -1 -1 1 
-0.000387 0.001494 -0.001654 -0.000903 0.000278 0.001425 -0.002000 0.003674 0.000735 -0.002000 0.087422 0.002139 
-1 -1 -1 -1 1 
-0.000258 0.002498 -0.002244 -0.001113 0.001001 0.000542 -0.002000 0.005639 0.001037 -0.002000 0.089050 0.003538 
-1 -1 -1 -1 1 
