
-0.004060 0.000888 0.022331 0.041139 
1 -1 
-0.011113 0.002425 0.029590 0.018875 
1 -1 
-0.007788 0.001859 0.022651 0.019146 
1 -1 
-0.015449 0.003965 0.042097 0.017994 
1 -1 
-0.023350 0.004603 0.046111 0.008306 
1 -1 
-0.027710 0.019565 0.059085 0.002543 
1 -1 
-0.018032 0.001210 0.029072 -0.007909 
-1 1 
-0.011567 0.001143 0.015442 -0.005517 
-1 1 
-0.030696 0.003479 0.037583 -0.019254 
-1 1 
-0.054683 0.007505 0.067535 -0.035469 
-1 1 
-0.056714 0.008219 0.074588 -0.033970 
-1 1 
-0.065857 0.016224 0.098640 -0.018196 
-1 1 
-0.008625 0.001923 0.031369 0.024784 
-1 1 
-0.014170 0.003556 0.046548 0.024411 
-1 1 
-0.017583 0.003623 0.045737 0.017545 
-1 1 
-0.009255 0.002266 0.029843 0.011189 
-1 1 
-0.009543 0.002599 0.036352 0.024158 
-1 1 
-0.016042 0.002446 0.038955 0.011771 
-1 1 
-0.011646 0.002350 0.033182 0.017551 
-1 1 
-0.007705 0.001834 0.030132 0.025811 
-1 1 
-0.036558 0.011119 0.075052 -0.007131 
-1 1 
-0.039304 0.012034 0.085271 -0.003351 
-1 1 
-0.042427 0.011729 0.094827 0.005585 
-1 1 
-0.042690 0.011946 0.090747 -0.000913 
-1 1 
-0.044290 0.011911 0.078655 -0.011888 
-1 1 
-0.044512 0.010823 0.080750 -0.010631 
-1 1 
-0.041665 0.014696 0.102522 0.008349 
-1 1 
-0.044136 0.011826 0.084905 -0.007830 
-1 1 
-0.041372 0.013039 0.099683 0.010228 
-1 1 
-0.041147 0.013108 0.087829 -0.000961 
-1 1 
-0.051614 0.019402 0.112158 0.000127 
-1 1 
-0.054375 0.019354 0.108938 -0.008000 
-1 1 
-0.055483 0.023800 0.116521 -0.007773 
-1 1 
-0.058213 0.026528 0.130154 -0.001960 
-1 1 
-0.061367 0.024471 0.117527 -0.010944 
-1 1 
-0.048716 0.017136 0.099578 -0.005642 
-1 1 
-0.066372 0.027778 0.134954 -0.007561 
-1 1 
-0.054927 0.027833 0.131184 0.001774 
-1 1 
-0.046741 0.013271 0.072476 -0.016639 
-1 1 
-0.030537 0.008818 0.044902 -0.013615 
-1 1 
-0.042200 0.016108 0.056700 -0.014504 
-1 1 
-0.042200 0.017359 0.056829 -0.010610 
-1 1 
-0.030664 0.013432 0.045293 -0.007911 
-1 1 
-0.035920 0.012023 0.049846 -0.010285 
-1 1 
-0.029839 0.011578 0.044282 -0.009466 
-1 1 
-0.038835 0.019486 0.058356 -0.010339 
-1 1 
-0.079939 0.064060 0.106082 -0.011924 
-1 1 
-0.079939 0.079119 0.112849 -0.009317 
-1 1 
-0.079980 0.078595 0.110871 -0.010099 
-1 1 
-0.079980 0.068800 0.108752 -0.011477 
-1 1 
-0.054536 0.012333 0.099988 -0.004529 
-1 1 
-0.044072 0.010983 0.080857 -0.005612 
-1 1 
-0.040583 0.013639 0.084658 0.004529 
-1 1 
-0.074751 0.019586 0.119463 -0.017103 
-1 1 
-0.047083 0.015160 0.103067 0.003060 
-1 1 
-0.077693 0.055941 0.141367 -0.000066 
-1 1 
-0.077693 0.033485 0.141367 -0.002463 
-1 1 
-0.072878 0.053385 0.127087 -0.001268 
-1 1 
-0.074636 0.064067 0.133113 -0.002539 
-1 1 
-0.066499 0.051492 0.124841 0.000562 
-1 1 
-0.066499 0.021236 0.116848 -0.009643 
-1 1 
-0.079980 0.080567 0.159960 0.003715 
-1 1 
-0.006206 0.001786 0.029717 0.030169 
-1 1 
-0.006956 0.001465 0.023321 0.017898 
-1 1 
-0.005979 0.001749 0.026743 0.026628 
-1 1 
-0.005391 0.003317 0.044029 0.049224 
-1 1 
-0.003533 0.003044 0.042171 0.053366 
-1 1 
-0.008721 0.004527 0.054966 0.052226 
-1 1 
-0.012952 0.003614 0.048841 0.037275 
-1 1 
-0.012952 0.003338 0.048841 0.039492 
-1 1 
-0.008420 0.001867 0.033581 0.034408 
-1 1 
-0.007781 0.003665 0.043269 0.038450 
-1 1 
-0.006074 0.002119 0.027119 0.029183 
-1 1 
-0.006470 0.005425 0.058709 0.058636 
-1 1 
-0.004316 0.005127 0.056555 0.060481 
-1 1 
-0.015542 0.004009 0.047336 0.027811 
-1 1 
-0.015542 0.003646 0.047336 0.029204 
-1 1 
-0.009495 0.005911 0.057141 0.042854 
-1 1 
-0.006938 0.000861 0.010393 -0.005934 
-1 1 
-0.002976 0.000482 0.013347 0.014605 
-1 1 
-0.009009 0.003288 0.049014 0.057943 
-1 1 
-0.009009 0.003431 0.049014 0.049143 
-1 1 
-0.025984 0.007080 0.073379 0.030348 
-1 1 
-0.018442 0.006358 0.069936 0.043316 
-1 1 
-0.018442 0.005620 0.069936 0.047472 
-1 1 
-0.015708 0.005016 0.059075 0.036947 
-1 1 
-0.019148 0.005677 0.063020 0.035781 
-1 1 
-0.019148 0.004890 0.063020 0.037962 
-1 1 
-0.034656 0.009592 0.092298 0.028687 
-1 1 
-0.034656 0.009020 0.092298 0.028991 
-1 1 
-0.016558 0.006387 0.063409 0.039291 
-1 1 
-0.016558 0.006112 0.063409 0.038282 
-1 1 
-0.050591 0.013783 0.101956 0.011262 
-1 1 
-0.004795 0.000815 0.019224 0.018145 
-1 1 
-0.037683 0.008642 0.083000 0.014354 
-1 1 
