65 2 2
-0.012671 0.000528 
1 -1 
-0.014492 0.004984 
1 -1 
-0.016677 0.005212 
1 -1 
-0.015506 0.008578 
1 -1 
-0.014344 0.006990 
1 -1 
-0.015688 0.016161 
1 -1 
-0.014082 0.009600 
1 -1 
-0.014778 0.013453 
1 -1 
-0.018048 0.006416 
1 -1 
-0.000121 0.000006 
-1 1 
-0.006308 0.001032 
-1 1 
-0.005562 0.001858 
-1 1 
-0.005438 0.001739 
-1 1 
-0.008666 0.002092 
-1 1 
-0.009967 0.001920 
-1 1 
-0.009765 0.002463 
-1 1 
-0.006869 0.002414 
-1 1 
-0.006624 0.002787 
-1 1 
-0.006489 0.001932 
-1 1 
-0.006201 0.001430 
-1 1 
-0.006035 0.001954 
-1 1 
-0.005494 0.001612 
-1 1 
-0.003272 0.000021 
-1 1 
-0.003253 0.000032 
-1 1 
-0.002573 0.000041 
-1 1 
-0.003485 0.000309 
-1 1 
-0.002179 0.002822 
-1 1 
-0.002605 0.000055 
-1 1 
-0.002088 0.000134 
-1 1 
-0.005165 0.000222 
-1 1 
-0.002484 0.000180 
-1 1 
-0.006468 0.000595 
-1 1 
-0.006966 0.000543 
-1 1 
-0.006586 0.000124 
-1 1 
-0.008657 0.008593 
-1 1 
-0.006255 0.000112 
-1 1 
-0.005262 0.000469 
-1 1 
-0.001311 0.000034 
-1 1 
-0.003963 0.000150 
-1 1 
-0.006183 0.001285 
-1 1 
-0.007037 0.000577 
-1 1 
-0.006275 0.000458 
-1 1 
-0.005918 0.000823 
-1 1 
-0.003322 0.000020 
-1 1 
-0.003045 0.000073 
-1 1 
-0.002867 0.000267 
-1 1 
-0.001904 0.000155 
-1 1 
-0.002176 0.000223 
-1 1 
-0.002851 0.000244 
-1 1 
-0.003053 0.000243 
-1 1 
-0.002265 0.000217 
-1 1 
-0.002436 0.000452 
-1 1 
-0.002469 0.000317 
-1 1 
-0.002126 0.000285 
-1 1 
-0.002438 0.000004 
-1 1 
-0.002787 0.000173 
-1 1 
-0.001924 0.000191 
-1 1 
-0.002298 0.000244 
-1 1 
-0.002027 0.000322 
-1 1 
-0.002086 0.000237 
-1 1 
-0.001493 0.000002 
-1 1 
-0.000036 0.000572 
-1 1 
-0.001902 0.000736 
-1 1 
-0.000342 0.000045 
-1 1 
-0.000433 0.000272 
-1 1 
