44 17 5
-0.000026 0.016892 -0.009963 -0.016955 0.000985 0.020573 -0.011571 -0.014761 0.004546 0.000085 -0.000121 -0.004885 0.041436 0.000344 -0.004885 0.434000 0.023941 
1 -1 -1 -1 -1 
-0.001696 0.026421 -0.031936 -0.008273 0.005149 -0.010296 -0.016575 -0.012173 0.001275 0.000006 -0.006308 -0.007998 0.034261 0.005371 -0.007998 1.252300 0.026140 
1 -1 -1 -1 -1 
-0.001534 0.043984 -0.036931 -0.011910 0.008375 0.008501 -0.016916 -0.011753 0.000652 0.000003 -0.005562 -0.007312 0.035574 0.005862 -0.007312 1.280320 0.026235 
1 -1 -1 -1 -1 
-0.001373 0.032158 -0.035442 -0.009073 0.007009 -0.002242 -0.016368 -0.011584 0.000544 0.000002 -0.005438 -0.009414 0.032440 0.013457 -0.009414 1.235080 0.026852 
1 -1 -1 -1 -1 
-0.001648 0.037886 -0.042256 -0.008966 0.010027 -0.007405 -0.017187 -0.016389 0.005752 0.000256 -0.008666 -0.007834 0.030643 0.010076 -0.007834 1.345100 0.028375 
1 -1 -1 -1 -1 
-0.001742 0.026814 -0.044111 -0.006079 0.012601 -0.015745 -0.017447 -0.017241 0.006177 0.000363 -0.009967 -0.012141 0.041623 0.015181 -0.012141 1.375280 0.031580 
1 -1 -1 -1 -1 
-0.001862 0.043574 -0.050662 -0.008601 0.012383 -0.008228 -0.017712 -0.015505 0.004770 0.000189 -0.009765 -0.010491 0.032078 0.012896 -0.010491 1.341900 0.031674 
1 -1 -1 -1 -1 
-0.001876 0.049119 -0.036558 -0.013436 0.009819 0.010011 -0.016486 -0.011619 0.000638 0.000003 -0.006869 -0.009927 0.037974 0.011794 -0.009927 1.312060 0.028674 
1 -1 -1 -1 -1 
-0.001527 0.036833 -0.042168 -0.008735 0.007421 -0.008704 -0.016224 -0.011729 0.000704 0.000003 -0.006624 -0.008650 0.055665 0.007148 -0.008650 1.236900 0.028414 
1 -1 -1 -1 -1 
-0.001354 0.033093 -0.035505 -0.009321 0.007280 -0.004350 -0.016486 -0.012000 0.000948 0.000003 -0.006489 -0.007986 0.042095 0.012539 -0.007986 1.220720 0.027831 
1 -1 -1 -1 -1 
-0.001357 0.028135 -0.036519 -0.007704 0.005697 -0.012605 -0.015727 -0.011597 0.000640 0.000003 -0.006201 -0.007146 0.030512 0.010037 -0.007146 1.191340 0.027162 
1 -1 -1 -1 -1 
-0.001197 0.034668 -0.037397 -0.009270 0.007735 -0.005371 -0.016677 -0.011687 0.000671 0.000003 -0.006035 -0.008083 0.052725 0.014966 -0.008083 1.230200 0.028570 
1 -1 -1 -1 -1 
-0.001407 0.025012 -0.032263 -0.007753 0.005010 -0.010656 -0.015374 -0.011516 0.000715 0.000002 -0.005494 -0.008000 0.033862 0.006528 -0.008000 1.151400 0.025746 
1 -1 -1 -1 -1 
-0.003946 0.026384 -0.048838 -0.005402 0.009351 -0.016153 -0.011870 -0.023774 0.015439 0.001675 -0.012671 -0.010464 0.031167 0.009485 -0.010464 1.012000 0.036981 
-1 1 -1 -1 -1 
-0.003677 0.030818 -0.074319 -0.004147 0.019565 -0.022328 -0.013313 -0.028875 0.022884 0.004515 -0.014492 -0.006711 0.036103 0.009485 -0.006711 1.138500 0.035626 
-1 1 -1 -1 -1 
-0.003669 0.030818 -0.078723 -0.003915 0.020123 -0.025216 -0.013334 -0.023660 0.018535 0.003238 -0.016677 -0.014524 0.034309 0.013706 -0.014524 1.186520 0.034164 
-1 1 -1 -1 -1 
-0.005071 0.027734 -0.078723 -0.003523 0.021234 -0.027192 -0.012417 -0.022166 0.016910 0.002567 -0.015506 -0.043403 0.041673 0.015583 -0.043403 1.140540 0.035676 
-1 1 -1 -1 -1 
-0.003898 0.037842 -0.066665 -0.005676 0.016434 -0.016642 -0.012982 -0.023467 0.016355 0.002658 -0.014344 -0.043403 0.034776 0.030796 -0.043403 1.135660 0.033865 
-1 1 -1 -1 -1 
-0.003890 0.037842 -0.074709 -0.005065 0.023577 -0.019557 -0.012521 -0.025139 0.019983 0.003651 -0.015688 -0.038801 0.029547 0.030796 -0.038801 1.158820 0.033349 
-1 1 -1 -1 -1 
-0.004138 0.030161 -0.074709 -0.004037 0.019310 -0.024871 -0.013049 -0.027361 0.017915 0.002446 -0.014082 -0.047678 0.028091 0.026113 -0.047678 1.204380 0.033734 
-1 1 -1 -1 -1 
-0.003863 0.022917 -0.038887 -0.005893 0.012969 -0.010393 -0.011681 -0.028528 0.019678 0.004295 -0.014778 -0.047678 0.021205 0.026113 -0.047678 1.198840 0.033571 
-1 1 -1 -1 -1 
-0.003552 0.022917 -0.038887 -0.005893 0.016653 -0.010559 -0.016188 -0.029976 0.022723 0.003822 -0.018048 -0.045920 0.038191 0.043772 -0.045920 1.419100 0.031227 
-1 1 -1 -1 -1 
-0.003842 0.012527 -0.037803 -0.003314 0.016501 -0.012044 -0.014817 -0.025835 0.021455 0.003841 -0.001224 -0.044019 0.033918 0.050044 -0.044019 1.791800 0.018507 
-1 1 -1 -1 -1 
-0.003628 0.034702 -0.068281 -0.005082 0.014816 -0.021176 -0.003909 -0.061479 0.066687 0.026876 -0.003272 -0.025320 0.063796 0.011606 -0.025320 0.520320 0.040130 
-1 -1 1 -1 -1 
-0.003251 0.029492 -0.077686 -0.003796 0.018008 -0.025330 -0.003518 -0.061943 0.069589 0.042043 -0.003253 -0.014016 0.086235 0.012285 -0.014016 0.555400 0.050315 
-1 -1 1 -1 -1 
-0.003371 0.033328 -0.079973 -0.004167 0.015515 -0.033504 -0.003847 -0.056013 0.068764 0.030630 -0.002573 -0.016426 0.109357 0.034880 -0.016426 0.563280 0.056203 
-1 -1 1 -1 -1 
-0.003704 0.053262 -0.051213 -0.010400 0.017418 0.002063 -0.004714 -0.067500 0.081497 0.051576 -0.003485 -0.021277 0.058301 0.026631 -0.021277 0.653460 0.051303 
-1 -1 1 -1 -1 
-0.001701 0.053262 -0.051213 -0.010400 0.012980 0.004412 -0.010350 -0.012346 0.002405 0.000037 -0.002179 -0.015002 0.089523 0.026631 -0.015002 0.384460 0.140820 
-1 -1 1 -1 -1 
-0.003076 0.050149 -0.057429 -0.008732 0.017141 -0.005929 -0.004130 -0.079980 0.102309 0.052754 -0.002605 -0.011765 0.091431 0.019155 -0.011765 0.565220 0.066599 
-1 -1 1 -1 -1 
-0.003665 0.002454 -0.018508 -0.001326 0.001492 -0.016127 -0.009920 -0.011350 0.001077 0.000009 -0.006255 -0.013586 0.058756 0.006545 -0.013586 0.512840 0.019909 
-1 -1 -1 1 -1 
-0.003624 0.003047 -0.023069 -0.001321 0.001341 -0.025661 -0.009822 -0.011819 0.001931 0.000033 -0.005262 -0.009136 0.046995 0.000371 -0.009136 0.465300 0.023062 
-1 -1 -1 1 -1 
-0.002135 0.000044 -0.004233 -0.000104 0.000162 0.000422 -0.010995 -0.011323 0.000366 0.000001 -0.001311 -0.003899 0.023721 -0.001655 -0.003899 0.140020 0.020815 
-1 -1 -1 1 -1 
-0.004012 0.001714 -0.010422 -0.001645 0.000288 -0.006611 -0.009702 -0.022434 0.017139 0.001421 -0.003963 -0.005459 0.028418 0.001494 -0.005459 0.403620 0.019258 
-1 -1 -1 1 -1 
-0.002314 0.011396 -0.031880 -0.003575 0.004860 -0.017700 -0.009147 -0.016582 0.006406 0.000214 -0.006183 -0.037751 0.050569 0.035154 -0.037751 0.517760 0.033895 
-1 -1 -1 1 -1 
-0.002182 0.014163 -0.055723 -0.002542 0.007026 -0.040602 -0.008833 -0.016743 0.005647 0.000326 -0.007037 -0.042549 0.058102 0.031833 -0.042549 0.523780 0.037330 
-1 -1 -1 1 -1 
-0.001895 0.007153 -0.031829 -0.002247 0.003568 -0.021320 -0.009363 -0.018770 0.009031 0.000806 -0.006275 -0.035127 0.039574 0.039287 -0.035127 0.566560 0.031756 
-1 -1 -1 1 -1 
-0.002157 0.009299 -0.030071 -0.003092 0.003674 -0.016523 -0.009560 -0.014084 0.003369 0.000096 -0.005918 -0.021687 0.058091 0.065664 -0.021687 0.646200 0.038016 
-1 -1 -1 1 -1 
-0.000844 0.002332 -0.004290 -0.005436 0.000354 0.000325 -0.011733 -0.010872 0.001282 0.000007 -0.002088 -0.003704 0.029924 -0.000403 -0.003704 0.553240 0.021393 
-1 -1 -1 -1 1 
-0.004540 0.015220 -0.025222 -0.006034 0.002443 0.002678 -0.012083 -0.019500 0.010623 0.000725 -0.005165 -0.013586 0.027394 0.000403 -0.013586 0.668080 0.016981 
-1 -1 -1 -1 1 
-0.002890 0.015220 -0.025222 -0.006034 0.002201 -0.003183 -0.010614 -0.017974 0.010379 0.000853 -0.002484 -0.013586 0.075994 0.012290 -0.013586 0.397300 0.035146 
-1 -1 -1 -1 1 
-0.003516 0.015432 -0.013284 -0.011617 0.002149 0.017477 -0.011635 -0.027561 0.024717 0.003482 -0.006468 -0.022468 0.048485 0.011951 -0.022468 0.897020 0.020220 
-1 -1 -1 -1 1 
-0.003346 0.019438 -0.010386 -0.018716 0.002505 0.017014 -0.012209 -0.030552 0.025574 0.004732 -0.006966 -0.017603 0.034644 0.015525 -0.017603 0.887480 0.022726 
-1 -1 -1 -1 1 
-0.003865 0.014939 -0.016543 -0.009030 0.002775 0.014254 -0.011325 -0.044460 0.046643 0.008615 -0.006586 -0.020005 0.036745 0.007351 -0.020005 0.874220 0.021393 
-1 -1 -1 -1 1 
-0.002582 0.024980 -0.022437 -0.011133 0.010010 0.005420 -0.015266 -0.023152 0.028692 0.004229 -0.008657 -0.020005 0.056393 0.010366 -0.020005 0.890500 0.035383 
-1 -1 -1 -1 1 
