87 2 2
-0.013724 -0.016365 
1 -1 
-0.018482 -0.018341 
1 -1 
-0.016900 -0.017005 
1 -1 
-0.015098 -0.016676 
1 -1 
-0.015687 -0.016315 
1 -1 
-0.016264 -0.015439 
1 -1 
-0.017729 -0.017681 
1 -1 
-0.019313 -0.022517 
1 -1 
-0.001884 -0.012595 
-1 1 
-0.002277 -0.014324 
-1 1 
-0.002734 -0.014358 
-1 1 
-0.003101 -0.014065 
-1 1 
-0.002293 -0.013967 
-1 1 
-0.002913 -0.014960 
-1 1 
-0.004486 -0.014593 
-1 1 
-0.002415 -0.014184 
-1 1 
-0.008598 -0.017610 
-1 1 
-0.008908 -0.017582 
-1 1 
-0.007242 -0.017772 
-1 1 
-0.007744 -0.018464 
-1 1 
-0.007949 -0.018674 
-1 1 
-0.007040 -0.017899 
-1 1 
-0.007353 -0.019094 
-1 1 
-0.007001 -0.017214 
-1 1 
-0.007078 -0.018589 
-1 1 
-0.009147 -0.018752 
-1 1 
-0.011217 -0.019401 
-1 1 
-0.010942 -0.019220 
-1 1 
-0.011900 -0.018384 
-1 1 
-0.011602 -0.019457 
-1 1 
-0.012056 -0.018352 
-1 1 
-0.011218 -0.019276 
-1 1 
-0.011950 -0.019353 
-1 1 
-0.012292 -0.019807 
-1 1 
-0.010349 -0.018672 
-1 1 
-0.001996 -0.003721 
-1 1 
-0.002623 -0.003679 
-1 1 
-0.002233 -0.004706 
-1 1 
-0.002928 -0.003583 
-1 1 
-0.002999 -0.004346 
-1 1 
0.009853 -0.013600 
-1 1 
-0.002475 -0.012948 
-1 1 
-0.001850 -0.012034 
-1 1 
-0.002111 -0.013310 
-1 1 
-0.001283 -0.014367 
-1 1 
-0.001253 -0.013571 
-1 1 
-0.001067 -0.013161 
-1 1 
0.000275 -0.011397 
-1 1 
-0.001584 -0.012570 
-1 1 
-0.001988 -0.012504 
-1 1 
0.000044 -0.011346 
-1 1 
-0.001827 -0.013533 
-1 1 
0.000719 -0.012570 
-1 1 
-0.002815 -0.014276 
-1 1 
-0.001807 -0.013256 
-1 1 
0.000609 -0.011243 
-1 1 
-0.002518 -0.013700 
-1 1 
0.000088 -0.011189 
-1 1 
-0.001003 -0.013250 
-1 1 
0.000540 -0.011782 
-1 1 
-0.002188 -0.014438 
-1 1 
-0.001023 -0.012035 
-1 1 
0.001785 -0.011958 
-1 1 
-0.004006 -0.014862 
-1 1 
-0.000955 -0.011728 
-1 1 
-0.004133 -0.013908 
-1 1 
-0.004141 -0.015523 
-1 1 
-0.000503 -0.011564 
-1 1 
-0.004037 -0.015423 
-1 1 
-0.000312 -0.011489 
-1 1 
-0.003703 -0.015339 
-1 1 
0.001815 -0.011258 
-1 1 
-0.003164 -0.015907 
-1 1 
0.001284 -0.015359 
-1 1 
0.000021 -0.012458 
-1 1 
-0.002268 -0.011783 
-1 1 
-0.004783 -0.011062 
-1 1 
-0.006596 -0.011113 
-1 1 
-0.008587 -0.010689 
-1 1 
-0.008382 -0.010160 
-1 1 
-0.008596 -0.010505 
-1 1 
-0.000197 -0.011127 
-1 1 
-0.003879 -0.013930 
-1 1 
-0.004758 -0.012402 
-1 1 
-0.004080 -0.014019 
-1 1 
-0.004267 -0.015883 
-1 1 
-0.009373 -0.017009 
-1 1 
