
-0.007047 0.069443 0.008000 
1 -1 
-0.006931 0.144348 0.008000 
1 -1 
-0.006931 0.144348 0.487000 
1 -1 
-0.005651 0.146896 0.008000 
1 -1 
-0.005543 0.146896 0.008000 
1 -1 
-0.005543 0.126358 0.009000 
1 -1 
-0.006805 0.149460 0.296000 
1 -1 
-0.006805 0.149460 0.008000 
1 -1 
-0.006774 0.147232 0.008000 
1 -1 
-0.007540 0.147232 0.016000 
1 -1 
-0.007540 0.155243 0.016000 
1 -1 
-0.007219 0.155243 0.279000 
1 -1 
-0.007971 0.189453 0.017000 
1 -1 
-0.007971 0.189453 0.017000 
1 -1 
-0.003246 0.114593 0.008000 
-1 1 
-0.007911 0.199051 0.008000 
-1 1 
-0.007959 0.211288 0.007000 
-1 1 
-0.007496 0.211288 0.008000 
-1 1 
-0.007844 0.179550 0.008000 
-1 1 
-0.007762 0.184753 0.314000 
-1 1 
-0.007629 0.189377 0.314000 
-1 1 
-0.007959 0.189377 0.278000 
-1 1 
