21 2 2
-0.007047 0.069443 
1 -1 
-0.006931 0.144348 
1 -1 
-0.006931 0.144348 
1 -1 
-0.005651 0.146896 
1 -1 
-0.005543 0.146896 
1 -1 
-0.005543 0.126358 
1 -1 
-0.006805 0.149460 
1 -1 
-0.006805 0.149460 
1 -1 
-0.006774 0.147232 
1 -1 
-0.007540 0.147232 
1 -1 
-0.007540 0.155243 
1 -1 
-0.007219 0.155243 
1 -1 
-0.007971 0.189453 
-1 1 
-0.007971 0.189453 
1 -1 
-0.007911 0.199051 
-1 1 
-0.007959 0.211288 
-1 1 
-0.007496 0.211288 
-1 1 
-0.007844 0.179550 
-1 1 
-0.007762 0.184753 
-1 1 
-0.007629 0.189377 
-1 1 
-0.007959 0.189377 
-1 1 
