
-0.000101 0.002125 -0.000574 -0.003701 0.000141 0.003534 -0.000291 0.002216 0.000252 -0.000291 0.052978 0.002548 
1 -1 -1 -1 -1 
-0.000317 0.003560 -0.003098 -0.001149 0.000676 0.000316 -0.000630 0.004684 0.000932 -0.000630 0.123556 0.002515 
1 -1 -1 -1 -1 
-0.000282 0.002655 -0.004017 -0.000661 0.000893 -0.000691 -0.000857 0.003506 0.001615 -0.000857 0.129690 0.002713 
1 -1 -1 -1 -1 
-0.000262 0.005240 -0.003694 -0.001418 0.001238 0.000989 -0.000958 0.006022 0.000763 -0.000958 0.132774 0.002653 
1 -1 -1 -1 -1 
-0.000286 0.004106 -0.003833 -0.001071 0.001172 0.000123 -0.000739 0.006041 0.001406 -0.000739 0.131660 0.002787 
1 -1 -1 -1 -1 
-0.000296 0.004302 -0.004071 -0.001057 0.000987 0.000118 -0.000762 0.005374 0.000916 -0.000762 0.127654 0.002739 
1 -1 -1 -1 -1 
-0.000260 0.005296 -0.004704 -0.001126 0.001540 0.000199 -0.001073 0.004162 0.001426 -0.001073 0.133414 0.002958 
1 -1 -1 -1 -1 
-0.000345 0.001988 -0.003487 -0.000570 0.000832 -0.001340 -0.001067 0.004347 0.000501 -0.001067 0.127164 0.002931 
1 -1 -1 -1 -1 
-0.000303 0.004198 -0.002737 -0.001534 0.000743 0.001434 -0.000815 0.003540 0.000850 -0.000815 0.121118 0.002669 
1 -1 -1 -1 -1 
-0.000431 0.002350 -0.003100 -0.000758 0.000968 -0.000966 -0.000915 0.003404 0.000489 -0.000915 0.116270 0.003325 
-1 1 -1 -1 -1 
-0.000501 0.002350 -0.003760 -0.000625 0.001576 -0.000818 -0.000915 0.002691 0.000476 -0.000915 0.125646 0.003400 
-1 1 -1 -1 -1 
-0.000497 0.001898 -0.003760 -0.000505 0.001558 -0.001032 -0.000918 0.002881 0.000982 -0.000918 0.129792 0.003302 
-1 1 -1 -1 -1 
-0.000697 0.001824 -0.004091 -0.000446 0.002028 -0.000889 -0.001266 0.003805 0.001274 -0.001266 0.190434 0.001869 
-1 1 -1 -1 -1 
-0.000638 0.001128 -0.004091 -0.000276 0.001861 -0.001062 -0.001291 0.003587 0.001274 -0.001291 0.195004 0.001884 
-1 1 -1 -1 -1 
-0.000673 0.001147 -0.003843 -0.000298 0.001900 -0.000931 -0.002126 0.003940 0.001402 -0.002126 0.199514 0.002075 
-1 1 -1 -1 -1 
-0.000768 0.001147 -0.004032 -0.000284 0.002031 -0.000857 -0.002126 0.004042 0.001402 -0.002126 0.200430 0.002073 
-1 1 -1 -1 -1 
-0.000656 0.001051 -0.004032 -0.000261 0.001218 -0.001147 -0.002405 0.003404 0.000566 -0.002405 0.134396 0.003593 
-1 1 -1 -1 -1 
-0.000448 0.001056 -0.002858 -0.000369 0.000420 -0.001166 -0.000920 0.003304 0.000566 -0.000920 0.085844 0.003294 
-1 1 -1 -1 -1 
-0.000468 0.004737 -0.006597 -0.000718 0.001530 -0.001111 -0.001571 0.006070 0.000959 -0.001571 0.063998 0.003925 
-1 -1 1 -1 -1 
-0.000490 0.003573 -0.006961 -0.000513 0.001476 -0.001847 -0.001545 0.004710 0.000658 -0.001545 0.059538 0.004663 
-1 -1 1 -1 -1 
-0.000555 0.004929 -0.006758 -0.000729 0.001580 -0.000988 -0.001944 0.004218 0.002396 -0.001944 0.066092 0.004435 
-1 -1 1 -1 -1 
-0.000484 0.005669 -0.006501 -0.000872 0.001851 0.000222 -0.002077 0.005285 0.002581 -0.002077 0.062966 0.004980 
-1 -1 1 -1 -1 
-0.000399 0.006015 -0.007720 -0.000779 0.002525 -0.000156 -0.001965 0.005353 0.003685 -0.001965 0.069458 0.005092 
-1 -1 1 -1 -1 
-0.000364 0.000540 -0.001828 -0.000295 0.000071 -0.002103 -0.001793 0.003160 0.001225 -0.001793 0.037106 0.002076 
-1 -1 -1 1 -1 
-0.000379 0.001209 -0.004965 -0.000244 0.000630 -0.003421 -0.003846 0.004426 0.002279 -0.003846 0.062632 0.002830 
-1 -1 -1 1 -1 
-0.000409 0.001445 -0.007136 -0.000203 0.000980 -0.004954 -0.001507 0.004391 0.000667 -0.001507 0.059604 0.002765 
-1 -1 -1 1 -1 
-0.000388 0.002444 -0.003319 -0.000736 0.000550 -0.000499 -0.002249 0.003789 0.003588 -0.002249 0.056254 0.002999 
-1 -1 -1 1 -1 
-0.000391 0.002638 -0.006944 -0.000380 0.001020 -0.003935 -0.001674 0.002743 0.003391 -0.001674 0.058674 0.002913 
-1 -1 -1 1 -1 
-0.000345 0.001958 -0.006505 -0.000301 0.000960 -0.003833 -0.004962 0.004636 0.002177 -0.004962 0.058740 0.003177 
-1 -1 -1 1 -1 
-0.000322 0.002817 -0.004466 -0.000631 0.000855 -0.001352 -0.003353 0.004044 0.005869 -0.003353 0.060428 0.003527 
-1 -1 -1 1 -1 
-0.000389 0.001697 -0.006563 -0.000259 0.000972 -0.004299 -0.001454 0.003703 0.003158 -0.001454 0.065006 0.002885 
-1 -1 -1 1 -1 
-0.000163 0.002188 -0.001395 -0.001569 0.000230 0.002575 -0.001488 0.003218 0.001977 -0.001488 0.052314 0.002540 
-1 -1 -1 -1 1 
-0.000450 0.001875 -0.002213 -0.000848 0.000316 0.001345 -0.001844 0.002696 0.000715 -0.001844 0.093386 0.002053 
-1 -1 -1 -1 1 
-0.000429 0.003073 -0.003246 -0.000947 0.000617 0.000703 -0.001758 0.004677 0.000380 -0.001758 0.088300 0.003058 
-1 -1 -1 -1 1 
-0.000451 0.002606 -0.002696 -0.000967 0.000619 0.001386 -0.001720 0.003283 0.001545 -0.001720 0.090416 0.002770 
-1 -1 -1 -1 1 
-0.000429 0.002760 -0.002012 -0.001372 0.000515 0.001693 -0.002245 0.003219 0.001626 -0.002245 0.095016 0.002707 
-1 -1 -1 -1 1 
-0.000416 0.002788 -0.002723 -0.001024 0.000583 0.000937 -0.001189 0.003896 0.000217 -0.001189 0.092974 0.003015 
-1 -1 -1 -1 1 
-0.000386 0.002666 -0.001571 -0.001698 0.000423 0.001875 -0.001082 0.003108 0.000739 -0.001082 0.091570 0.002980 
-1 -1 -1 -1 1 
-0.000371 0.002688 -0.002412 -0.001115 0.000519 0.000858 -0.001038 0.004084 0.001540 -0.001038 0.105532 0.002163 
-1 -1 -1 -1 1 
