
-0.000112 0.002125 -0.000574 -0.003701 0.000126 0.003787 -0.000299 0.002341 0.000252 -0.000299 0.048561 0.002862 
1 -1 -1 -1 -1 
-0.000314 0.003560 -0.003098 -0.001149 0.000710 0.000298 -0.000630 0.004465 0.000932 -0.000630 0.127950 0.002368 
1 -1 -1 -1 -1 
-0.000286 0.002655 -0.004017 -0.000661 0.000984 -0.000648 -0.000857 0.003336 0.001615 -0.000857 0.139377 0.002399 
1 -1 -1 -1 -1 
-0.000268 0.005240 -0.003694 -0.001418 0.001334 0.000969 -0.000958 0.005662 0.000763 -0.000958 0.140457 0.002423 
1 -1 -1 -1 -1 
-0.000290 0.004106 -0.003833 -0.001071 0.001284 0.000130 -0.000739 0.005599 0.001406 -0.000739 0.141458 0.002491 
1 -1 -1 -1 -1 
-0.000300 0.004302 -0.004071 -0.001057 0.001102 0.000123 -0.000762 0.005193 0.000916 -0.000762 0.138692 0.002401 
1 -1 -1 -1 -1 
-0.000263 0.005296 -0.004704 -0.001126 0.001862 0.000189 -0.001073 0.003722 0.001426 -0.001073 0.154104 0.002351 
1 -1 -1 -1 -1 
-0.000353 0.001988 -0.003487 -0.000570 0.000917 -0.001253 -0.001067 0.004166 0.000501 -0.001067 0.138305 0.002612 
1 -1 -1 -1 -1 
-0.000303 0.004198 -0.002737 -0.001534 0.000743 0.001434 -0.000815 0.003540 0.000850 -0.000815 0.121118 0.002669 
1 -1 -1 -1 -1 
-0.000656 0.002350 -0.003100 -0.000758 0.001371 -0.000445 -0.000915 0.002738 0.000489 -0.000915 0.159711 0.002040 
-1 1 -1 -1 -1 
-0.000631 0.001898 -0.003760 -0.000505 0.001708 -0.000862 -0.000658 0.002569 0.000476 -0.000658 0.162605 0.002196 
-1 1 -1 -1 -1 
-0.000483 0.000884 -0.003361 -0.000263 0.001145 -0.001284 -0.000918 0.002967 0.000982 -0.000918 0.135803 0.003088 
-1 1 -1 -1 -1 
-0.000662 0.001824 -0.003625 -0.000503 0.001859 -0.000803 -0.001266 0.003809 0.000439 -0.001266 0.171678 0.002296 
-1 1 -1 -1 -1 
-0.000599 0.000986 -0.004091 -0.000241 0.001743 -0.001190 -0.001291 0.002514 0.001274 -0.001291 0.187063 0.002141 
-1 1 -1 -1 -1 
-0.000563 0.001147 -0.003843 -0.000298 0.001622 -0.001162 -0.000826 0.004863 0.000681 -0.000826 0.204589 0.001997 
-1 1 -1 -1 -1 
-0.000830 0.001147 -0.004032 -0.000284 0.002061 -0.000781 -0.002126 0.003880 0.001402 -0.002126 0.207845 0.001925 
-1 1 -1 -1 -1 
-0.000544 0.001051 -0.002858 -0.000368 0.001196 -0.000921 -0.002405 0.002908 0.000566 -0.002405 0.170370 0.002410 
-1 1 -1 -1 -1 
-0.000448 0.001056 -0.002858 -0.000369 0.000420 -0.001166 -0.000920 0.003304 0.000566 -0.000920 0.085844 0.003294 
-1 1 -1 -1 -1 
-0.000397 0.004737 -0.006597 -0.000718 0.000959 -0.001607 -0.001571 0.008389 0.000959 -0.001571 0.043950 0.005949 
-1 -1 1 -1 -1 
-0.000445 0.003573 -0.006961 -0.000513 0.000922 -0.002466 -0.001545 0.006784 0.000658 -0.001545 0.042691 0.006975 
-1 -1 1 -1 -1 
-0.000445 0.004929 -0.006758 -0.000729 0.000898 -0.001621 -0.001944 0.007593 0.002396 -0.001944 0.042653 0.007343 
-1 -1 1 -1 -1 
-0.000414 0.005669 -0.006501 -0.000872 0.001203 0.000082 -0.002077 0.005681 0.002581 -0.002077 0.051033 0.006426 
-1 -1 1 -1 -1 
-0.000399 0.006015 -0.007720 -0.000779 0.002525 -0.000156 -0.001965 0.005353 0.003685 -0.001965 0.069458 0.005092 
-1 -1 1 -1 -1 
-0.000339 0.000540 -0.001828 -0.000295 0.000060 -0.002440 -0.001793 0.003504 0.001225 -0.001793 0.034221 0.002189 
-1 -1 -1 1 -1 
-0.000365 0.001209 -0.004965 -0.000244 0.000591 -0.003567 -0.003846 0.004654 0.002279 -0.003846 0.060174 0.002997 
-1 -1 -1 1 -1 
-0.000392 0.001445 -0.007136 -0.000203 0.000886 -0.005247 -0.001507 0.004828 0.000667 -0.001507 0.055751 0.003004 
-1 -1 -1 1 -1 
-0.000386 0.002444 -0.003319 -0.000736 0.000536 -0.000515 -0.002249 0.003843 0.003588 -0.002249 0.055093 0.003078 
-1 -1 -1 1 -1 
-0.000403 0.002638 -0.006944 -0.000380 0.001114 -0.003738 -0.001674 0.002624 0.003391 -0.001674 0.063888 0.002667 
-1 -1 -1 1 -1 
-0.000358 0.001958 -0.006505 -0.000301 0.001081 -0.003579 -0.004962 0.004454 0.002177 -0.004962 0.065668 0.002818 
-1 -1 -1 1 -1 
-0.000328 0.002817 -0.004466 -0.000631 0.000895 -0.001304 -0.003353 0.003908 0.005869 -0.003353 0.062994 0.003367 
-1 -1 -1 1 -1 
-0.000389 0.001697 -0.006563 -0.000259 0.000972 -0.004299 -0.001454 0.003703 0.003158 -0.001454 0.065006 0.002885 
-1 -1 -1 1 -1 
-0.000167 0.002188 -0.001395 -0.001569 0.000206 0.002699 -0.001488 0.003410 0.001977 -0.001488 0.046796 0.002864 
-1 -1 -1 -1 1 
-0.000453 0.001875 -0.002213 -0.000848 0.000334 0.001324 -0.001844 0.002541 0.000715 -0.001844 0.097021 0.001918 
-1 -1 -1 -1 1 
-0.000434 0.003073 -0.003246 -0.000947 0.000682 0.000687 -0.001758 0.004240 0.000380 -0.001758 0.095261 0.002709 
-1 -1 -1 -1 1 
-0.000457 0.002606 -0.002696 -0.000967 0.000683 0.001343 -0.001720 0.002965 0.001545 -0.001720 0.097144 0.002464 
-1 -1 -1 -1 1 
-0.000444 0.002760 -0.002012 -0.001372 0.000579 0.001664 -0.002245 0.002836 0.001626 -0.002245 0.104084 0.002337 
-1 -1 -1 -1 1 
-0.000431 0.002788 -0.002723 -0.001024 0.000691 0.000915 -0.001189 0.003245 0.000217 -0.001189 0.105962 0.002444 
-1 -1 -1 -1 1 
-0.000391 0.002666 -0.001571 -0.001698 0.000465 0.001814 -0.001082 0.002836 0.000739 -0.001082 0.098934 0.002668 
-1 -1 -1 -1 1 
-0.000371 0.002688 -0.002412 -0.001115 0.000519 0.000858 -0.001038 0.004084 0.001540 -0.001038 0.105532 0.002163 
-1 -1 -1 -1 1 
