95 4 2
-0.006122 0.011040 -0.007909 0.009269 
1 -1 
-0.003350 0.003875 -0.005517 0.003407 
1 -1 
-0.002244 0.006887 -0.019254 0.000064 
1 -1 
-0.002350 0.012852 -0.035469 0.000436 
1 -1 
-0.003152 0.017874 -0.033970 -0.002349 
1 -1 
-0.004978 0.032783 -0.018196 -0.001431 
1 -1 
-0.045002 0.018271 0.041139 0.006976 
-1 1 
-0.016626 0.018477 0.018875 0.008438 
-1 1 
-0.019084 0.014863 0.019146 0.006417 
-1 1 
-0.017249 0.026648 0.017994 0.008779 
-1 1 
-0.009748 0.022761 0.008306 0.010258 
-1 1 
-0.011323 0.031375 0.002543 0.015281 
-1 1 
-0.026370 0.022744 0.024784 0.006896 
-1 1 
-0.022850 0.032378 0.024411 0.008272 
-1 1 
-0.016012 0.028154 0.017545 0.007532 
-1 1 
-0.022245 0.020588 0.011189 0.007189 
-1 1 
-0.028093 0.026809 0.024158 0.006855 
-1 1 
-0.014283 0.022913 0.011771 0.008693 
-1 1 
-0.018492 0.021536 0.017551 0.006630 
-1 1 
-0.029107 0.022427 0.025811 0.006796 
-1 1 
-0.010530 0.038494 -0.007131 0.010711 
-1 1 
-0.011695 0.045967 -0.003351 0.009501 
-1 1 
-0.012351 0.052400 0.005585 0.010325 
-1 1 
-0.011257 0.048057 -0.000913 0.010485 
-1 1 
-0.007759 0.034365 -0.011888 0.010259 
-1 1 
-0.008141 0.036238 -0.010631 0.010535 
-1 1 
-0.014606 0.060857 0.008349 0.011033 
-1 1 
-0.009237 0.040769 -0.007830 0.010832 
-1 1 
-0.014094 0.058311 0.010228 0.010824 
-1 1 
-0.011345 0.046682 -0.000961 0.011943 
-1 1 
-0.011730 0.060544 0.000127 0.010799 
-1 1 
-0.010035 0.054563 -0.008000 0.010314 
-1 1 
-0.011001 0.061038 -0.007773 0.010076 
-1 1 
-0.012358 0.071941 -0.001960 0.010451 
-1 1 
-0.009151 0.056160 -0.010944 0.009607 
-1 1 
-0.010441 0.050862 -0.005642 0.010061 
-1 1 
-0.010333 0.068582 -0.007561 0.010048 
-1 1 
-0.013883 0.076257 0.001774 0.009788 
-1 1 
-0.005506 0.025735 -0.016639 0.008565 
-1 1 
-0.004704 0.014365 -0.013615 0.012327 
-1 1 
-0.003436 0.014500 -0.014504 0.012629 
-1 1 
-0.003467 0.014629 -0.010610 0.011467 
-1 1 
-0.004771 0.014629 -0.007911 0.011535 
-1 1 
-0.003877 0.013926 -0.010285 0.011540 
-1 1 
-0.004840 0.014443 -0.009466 0.011744 
-1 1 
-0.005027 0.019521 -0.010339 0.009434 
-1 1 
-0.003270 0.026143 -0.011924 0.005648 
-1 1 
-0.004117 0.032910 -0.009317 0.005436 
-1 1 
-0.003862 0.030891 -0.010099 0.004876 
-1 1 
-0.003597 0.028772 -0.011477 0.006823 
-1 1 
-0.008334 0.045452 -0.004529 0.004557 
-1 1 
-0.008347 0.036785 -0.005612 0.004158 
-1 1 
-0.010860 0.044075 0.004529 0.001412 
-1 1 
-0.005981 0.044712 -0.017103 0.001946 
-1 1 
-0.011890 0.055984 0.003060 0.000843 
-1 1 
-0.008196 0.063674 -0.000066 0.000560 
-1 1 
-0.008196 0.063674 -0.002463 0.000397 
-1 1 
-0.007438 0.054209 -0.001268 -0.003991 
-1 1 
-0.007835 0.058477 -0.002539 -0.002599 
-1 1 
-0.008773 0.058342 0.000562 -0.001880 
-1 1 
-0.007571 0.050349 -0.009643 0.012742 
-1 1 
-0.010000 0.079980 0.003715 -0.000666 
-1 1 
-0.037884 0.023511 0.030169 0.005474 
-1 1 
-0.023526 0.016365 0.017898 0.002489 
-1 1 
-0.034728 0.020764 0.026628 0.003905 
-1 1 
-0.071671 0.038638 0.049224 0.004528 
-1 1 
-0.109363 0.038638 0.053366 -0.001889 
-1 1 
-0.053027 0.046245 0.052226 0.004594 
-1 1 
-0.027709 0.035889 0.037275 0.004045 
-1 1 
-0.027709 0.035889 0.039492 0.007472 
-1 1 
-0.029882 0.025161 0.034408 0.002518 
-1 1 
-0.045609 0.035488 0.038450 0.004909 
-1 1 
-0.034648 0.021045 0.029183 0.004025 
-1 1 
-0.080740 0.052239 0.058636 0.003499 
-1 1 
-0.121036 0.052239 0.060481 0.011380 
-1 1 
-0.020457 0.031794 0.027811 0.004244 
-1 1 
-0.020457 0.031794 0.029204 0.007475 
-1 1 
-0.050180 0.047646 0.042854 0.004640 
-1 1 
-0.004980 0.003455 -0.005934 0.051335 
-1 1 
-0.034849 0.010371 0.014605 -0.007306 
-1 1 
-0.044406 0.040005 0.057943 -0.000043 
-1 1 
-0.044406 0.040005 0.049143 -0.004074 
-1 1 
-0.018240 0.047395 0.030348 0.005809 
-1 1 
-0.027922 0.051494 0.043316 0.003005 
-1 1 
-0.027922 0.051494 0.047472 -0.007486 
-1 1 
-0.027608 0.043367 0.036947 0.003116 
-1 1 
-0.022912 0.043872 0.035781 0.003161 
-1 1 
-0.022912 0.043872 0.037962 -0.012494 
-1 1 
-0.016633 0.057642 0.028687 0.002210 
-1 1 
-0.016633 0.057642 0.028991 -0.000365 
-1 1 
-0.028295 0.046851 0.039291 0.001104 
-1 1 
-0.028295 0.046851 0.038282 0.013084 
-1 1 
-0.010153 0.051365 0.011262 0.004361 
-1 1 
-0.030092 0.014429 0.018145 0.013645 
-1 1 
-0.012026 0.045317 0.014354 0.006662 
-1 1 
