44 13 5
-0.015527 1.689200 -0.996300 0.087266 2.263041 0.034400 -0.488500 0.013287 0.034400 -0.488500 38.763889 0.487423 2.762297 
1 -1 -1 -1 -1 
-0.169059 2.642100 -3.193600 0.525367 -1.021423 0.537100 -0.799800 0.045529 0.537100 -0.799800 127.338776 0.901530 2.549694 
1 -1 -1 -1 -1 
-0.153495 4.398400 -3.693100 0.840856 0.848729 0.586200 -0.731200 0.045734 0.586200 -0.731200 128.512054 0.925607 2.610376 
1 -1 -1 -1 -1 
-0.137646 3.215800 -3.544200 0.706528 -0.222242 1.345700 -0.941400 0.077750 1.345700 -0.941400 124.320564 0.900492 2.658856 
1 -1 -1 -1 -1 
-0.172369 3.788600 -4.225600 1.215137 -0.653161 1.007600 -0.783400 0.087722 1.007600 -0.783400 156.182037 0.767959 2.237748 
1 -1 -1 -1 -1 
-0.193544 2.681400 -4.411100 1.547552 -1.378273 1.518100 -1.214100 0.173721 1.518100 -1.214100 161.332520 0.837892 2.454055 
1 -1 -1 -1 -1 
-0.204900 4.357400 -5.066200 1.478708 -0.708333 1.289600 -1.049100 0.153733 1.289600 -1.049100 153.858856 0.868044 2.548603 
1 -1 -1 -1 -1 
-0.187664 4.911900 -3.655800 1.062252 0.962957 1.179400 -0.992700 0.104507 1.179400 -0.992700 140.093079 0.894762 2.604123 
1 -1 -1 -1 -1 
-0.153386 3.683300 -4.216800 0.786104 -0.843574 0.714800 -0.865000 0.067556 0.714800 -0.865000 129.487289 0.906426 2.645914 
1 -1 -1 -1 -1 
-0.135531 3.309300 -3.550500 0.730930 -0.433644 1.253900 -0.798600 0.073129 1.253900 -0.798600 122.489960 0.960901 2.769486 
1 -1 -1 -1 -1 
-0.136135 2.813500 -3.651900 0.593351 -1.233575 1.003700 -0.714600 0.061126 1.003700 -0.714600 122.829170 0.883580 2.581969 
1 -1 -1 -1 -1 
-0.118746 3.466800 -3.739700 0.761539 -0.544486 1.496600 -0.808300 0.081406 1.496600 -0.808300 121.427162 1.016332 2.913378 
1 -1 -1 -1 -1 
-0.147493 2.501200 -3.226300 0.624701 -0.931019 0.652800 -0.800000 0.052219 0.652800 -0.800000 138.187500 0.595687 2.001134 
1 -1 -1 -1 -1 
-0.504041 2.638400 -4.883800 1.355071 -1.202792 0.948500 -1.046400 0.086516 0.948500 -1.046400 131.759369 0.777886 2.411631 
-1 1 -1 -1 -1 
-0.516386 3.081800 -7.431900 2.613526 -2.039302 0.874000 -0.671100 0.081736 0.874000 -0.671100 146.168839 0.709850 2.276099 
-1 1 -1 -1 -1 
-0.684443 2.773400 -7.872300 2.697438 -2.406840 1.370600 -1.452400 0.178673 1.370600 -1.452400 160.397354 0.603325 2.099995 
-1 1 -1 -1 -1 
-0.572171 0.682900 -4.877400 1.299451 -1.867786 1.558300 -4.340300 0.609925 1.558300 -4.340300 146.916672 0.658705 2.328301 
-1 1 -1 -1 -1 
-0.524099 3.784200 -6.666500 2.363964 -1.230758 3.079600 -3.880100 0.726309 3.079600 -3.880100 144.698715 0.557886 2.227175 
-1 1 -1 -1 -1 
-0.583557 3.016100 -7.470900 2.587901 -2.159121 2.010500 -1.022200 0.293100 2.010500 -1.022200 147.360382 0.634422 2.185176 
-1 1 -1 -1 -1 
-0.518655 1.046100 -3.407700 1.146009 -1.186302 2.611300 -4.767800 0.794600 2.611300 -4.767800 154.023026 0.587660 2.203395 
-1 1 -1 -1 -1 
-0.488194 2.291700 -3.888700 1.531705 -0.769077 1.474600 -4.592000 0.595726 1.474600 -4.592000 150.811325 0.662544 2.267195 
-1 1 -1 -1 -1 
-0.468933 0.946500 -3.771200 1.607825 -1.349362 4.377200 -3.787800 1.318110 4.377200 -3.787800 159.928955 0.807358 2.668568 
-1 1 -1 -1 -1 
-0.339507 1.252700 -3.780300 1.572157 -1.269331 5.004400 -4.401900 1.007454 5.004400 -4.401900 169.817505 0.474407 1.988607 
-1 1 -1 -1 -1 
-0.261578 3.470200 -6.828100 0.582230 -3.681518 1.160600 -2.532000 0.083479 1.160600 -2.532000 25.249233 -0.237613 9.398193 
-1 -1 1 -1 -1 
-0.224548 2.949200 -7.768600 0.766862 -4.176758 1.228500 -1.401600 0.068704 1.228500 -1.401600 27.805555 -0.578762 11.220222 
-1 -1 1 -1 -1 
-0.181466 3.332800 -7.997300 0.520881 -6.268283 3.488000 -1.642600 0.115663 3.488000 -1.642600 22.062828 -1.174140 16.534773 
-1 -1 1 -1 -1 
-0.382515 1.940400 -3.822800 0.946026 -1.230363 0.905000 -2.127700 0.312044 0.905000 -2.127700 61.130001 -0.063104 3.767062 
-1 -1 1 -1 -1 
-0.207835 5.326200 -5.121300 0.490496 -0.300993 2.663100 -2.127700 0.137881 2.663100 -2.127700 23.847874 -1.502495 16.931290 
-1 -1 1 -1 -1 
-0.289731 5.014900 -5.742900 2.027664 -0.541014 1.915500 -1.176500 0.279618 1.915500 -1.176500 60.639999 -0.358366 6.208613 
-1 -1 1 -1 -1 
-0.308487 0.245400 -1.850800 0.123245 -1.979288 0.654500 -1.358600 0.049564 0.654500 -1.358600 43.065281 0.658636 2.606989 
-1 -1 -1 1 -1 
-0.366831 0.245800 -2.306900 0.112501 -4.074362 0.037100 -0.913600 0.026481 0.037100 -0.913600 53.276882 0.109851 1.861016 
-1 -1 -1 1 -1 
-0.230675 0.245800 -2.306900 0.054469 -5.417481 0.037100 -0.913600 0.012770 0.037100 -0.913600 23.563568 0.558343 4.603820 
-1 -1 -1 1 -1 
-0.316675 0.171400 -1.042200 0.028935 -0.979166 0.149400 -0.545900 0.011453 0.149400 -0.545900 26.146227 -0.153146 2.881474 
-1 -1 -1 1 -1 
-0.270419 1.139600 -3.188000 0.595691 -1.474023 3.515400 -3.775100 0.668479 3.515400 -3.775100 61.325871 -0.276321 2.776208 
-1 -1 -1 1 -1 
-0.261087 1.416300 -5.572300 0.857123 -3.639284 3.183300 -4.254900 0.693589 3.183300 -4.254900 60.840000 -0.352190 3.121811 
-1 -1 -1 1 -1 
-0.253171 0.715300 -3.182900 0.442534 -1.814939 3.928700 -3.512700 0.687404 3.928700 -3.512700 66.946808 -0.195157 2.621488 
-1 -1 -1 1 -1 
-0.226457 0.929900 -3.007100 0.457258 -1.440626 6.566400 -2.168700 1.134447 6.566400 -2.168700 77.180000 -0.429544 3.062063 
-1 -1 -1 1 -1 
-0.101060 0.824200 -1.114000 0.048058 -0.656589 0.696500 -0.833500 0.016322 0.696500 -0.833500 26.287617 1.798387 6.182882 
-1 -1 -1 -1 1 
-0.463934 0.267600 -0.817600 0.063119 0.898069 0.040300 -0.312000 0.006338 0.040300 -0.312000 65.878883 -0.158461 1.436040 
-1 -1 -1 -1 1 
-0.209261 1.522000 -2.522200 0.288408 -0.712031 1.229000 -1.358600 0.120274 1.229000 -1.358600 21.017342 -0.220800 2.543985 
-1 -1 -1 -1 1 
-0.340936 1.543200 -1.328400 0.196765 1.743959 1.195100 -2.246800 0.124272 1.195100 -2.246800 83.547272 0.665498 2.249001 
-1 -1 -1 -1 1 
-0.326615 1.943800 -1.038600 0.232496 1.709024 1.552500 -1.760300 0.102082 1.552500 -1.760300 82.640221 0.755028 2.486484 
-1 -1 -1 -1 1 
-0.349058 1.493900 -1.654300 0.327789 1.422233 0.735100 -2.000500 0.110371 0.735100 -2.000500 99.139473 0.249015 1.667175 
-1 -1 -1 -1 1 
-0.379579 2.498000 -2.243700 0.970008 0.750090 1.036600 -1.070600 0.130876 1.036600 -1.070600 101.790001 1.022160 2.778361 
-1 -1 -1 -1 1 
