34 12 5
-0.021622 0.328340 -0.370340 -0.088659 0.070301 -0.053507 -0.102640 0.665397 0.089090 -0.102640 13.409174 0.244977 
1 -1 -1 -1 -1 
-0.020379 0.608420 -0.422190 -0.144110 0.160424 0.144940 -0.115040 0.419252 0.152690 -0.115040 14.344749 0.269195 
1 -1 -1 -1 -1 
-0.021713 0.305690 -0.428030 -0.071418 0.108801 -0.101693 -0.079440 0.318695 0.156880 -0.079440 13.761255 0.276930 
1 -1 -1 -1 -1 
-0.016599 0.178930 -0.087230 -0.205124 0.015569 0.196635 -0.065600 0.325749 0.030250 -0.065600 9.360356 0.267643 
1 -1 -1 -1 -1 
-0.016542 0.327470 -0.172510 -0.189827 0.028002 0.320706 -0.068770 0.342762 0.056520 -0.068770 10.116140 0.266249 
1 -1 -1 -1 -1 
-0.017029 0.131370 -0.094510 -0.139001 0.010195 0.120552 -0.054790 0.323599 0.011110 -0.054790 9.741058 0.248421 
1 -1 -1 -1 -1 
-0.022095 0.338010 -0.383810 -0.088067 0.096467 -0.092095 -0.123680 0.392466 0.137570 -0.123680 13.875000 0.252895 
1 -1 -1 -1 -1 
-0.021214 0.567110 -0.503760 -0.112575 0.161725 0.041507 -0.185080 0.457769 0.086450 -0.185080 15.127380 0.249612 
1 -1 -1 -1 -1 
-0.018414 0.508330 -0.469900 -0.108178 0.146840 -0.006835 -0.100440 0.327614 0.188130 -0.100440 14.091096 0.277120 
1 -1 -1 -1 -1 
-0.015763 0.405320 -0.301540 -0.134417 0.083600 0.129633 -0.111350 0.261952 0.171580 -0.111350 14.712500 0.210468 
1 -1 -1 -1 -1 
-0.029962 0.055320 -0.111060 -0.049811 0.008841 0.002652 -0.049580 0.336645 0.054760 -0.049580 4.289637 0.232225 
-1 1 -1 -1 -1 
-0.049021 0.073170 -0.236230 -0.030974 0.062245 -0.105848 -0.311060 0.216613 0.504470 -0.311060 14.195912 0.224229 
-1 1 -1 -1 -1 
-0.052932 0.249660 -0.438620 -0.056919 0.145381 -0.091091 -0.596580 0.350729 0.162040 -0.596580 15.083775 0.214742 
-1 1 -1 -1 -1 
-0.051988 0.109740 -0.298000 -0.036826 0.119193 -0.105496 -0.251100 0.319718 0.280150 -0.251100 14.377045 0.289798 
-1 1 -1 -1 -1 
-0.046521 0.130320 -0.275710 -0.047267 0.108950 -0.085582 -0.338160 0.286571 0.293550 -0.338160 15.843948 0.242981 
-1 1 -1 -1 -1 
-0.051517 0.109470 -0.281860 -0.038838 0.114161 -0.085291 -0.198070 0.309140 0.071410 -0.198070 15.954193 0.235385 
-1 1 -1 -1 -1 
-0.051386 0.227640 -0.408520 -0.055723 0.187230 -0.089660 -0.209620 0.233362 0.280250 -0.209620 16.031963 0.277898 
-1 1 -1 -1 -1 
-0.051160 0.100680 -0.306760 -0.032820 0.113324 -0.106513 -0.079000 0.433448 0.085160 -0.079000 17.076471 0.233684 
-1 1 -1 -1 -1 
-0.051340 0.092700 -0.319310 -0.029031 0.116506 -0.115715 -0.193820 0.513320 0.107150 -0.193820 16.300653 0.234747 
-1 1 -1 -1 -1 
-0.050773 0.198850 -0.286910 -0.069307 0.117126 -0.065544 -0.077100 0.279916 0.028830 -0.077100 16.627359 0.231233 
-1 1 -1 -1 -1 
-0.044576 0.104170 -0.256960 -0.040539 0.076450 -0.112991 -0.199290 0.243616 0.138210 -0.199290 13.590250 0.327496 
-1 1 -1 -1 -1 
-0.026440 0.463770 -0.774680 -0.059866 0.076847 -0.319653 -0.280100 2.304025 0.236160 -0.280100 3.753364 0.860460 
-1 -1 1 -1 -1 
-0.025431 0.493160 -0.422680 -0.116675 0.071983 0.008124 -0.229960 1.078251 0.161650 -0.229960 3.632124 0.907606 
-1 -1 1 -1 -1 
-0.023145 0.538720 -0.799800 -0.067357 0.092608 -0.275194 -0.174830 1.163968 0.225880 -0.174830 3.384188 1.102139 
-1 -1 1 -1 -1 
-0.032386 0.589310 -0.799800 -0.073682 0.293546 -0.124250 -0.283980 0.536340 0.310790 -0.283980 8.528000 0.353342 
-1 -1 1 -1 -1 
-0.026121 0.082010 -0.203610 -0.040278 0.009186 -0.232034 -0.204910 0.394170 0.034570 -0.204910 3.381570 0.183980 
-1 -1 -1 1 -1 
-0.031627 0.129610 -0.593190 -0.021850 0.052374 -0.587372 -0.125020 0.527139 0.074390 -0.125020 4.619329 0.265611 
-1 -1 -1 1 -1 
-0.032146 0.137010 -0.330620 -0.041440 0.030037 -0.243493 -0.067650 0.398038 0.043480 -0.067650 5.451301 0.249868 
-1 -1 -1 1 -1 
-0.030432 0.215500 -0.486130 -0.044330 0.073934 -0.185916 -0.121950 0.688840 0.386060 -0.121950 6.684500 0.295102 
-1 -1 -1 1 -1 
-0.013126 0.176440 -0.128880 -0.136903 0.015530 0.214708 -0.151880 0.546042 0.093210 -0.151880 4.333789 0.316946 
-1 -1 -1 -1 1 
-0.029737 0.227390 -0.116360 -0.195419 0.030565 0.243419 -0.212080 0.362544 0.128880 -0.212080 8.088290 0.261161 
-1 -1 -1 -1 1 
-0.032398 0.290410 -0.174930 -0.166015 0.043997 0.234401 -0.118730 0.414292 0.109250 -0.118730 8.421605 0.248860 
-1 -1 -1 -1 1 
-0.029176 0.211210 -0.146920 -0.143758 0.043686 0.164355 -0.207150 0.350133 0.251510 -0.207150 8.936382 0.237351 
-1 -1 -1 -1 1 
-0.035129 0.314400 -0.243650 -0.129038 0.046983 0.203310 -0.056100 0.230036 0.045650 -0.056100 8.321000 0.201928 
-1 -1 -1 -1 1 
