-0.007012 0.000222 
1 -1 -1 
-0.003978 0.000661 
1 -1 -1 
0.000894 0.000924 
1 -1 -1 
-0.000690 0.000268 
1 -1 -1 
0.000858 0.000048 
1 -1 -1 
0.000815 0.000081 
1 -1 -1 
0.000602 0.000015 
1 -1 -1 
0.000428 0.000015 
-1 1 -1 
0.000491 0.000037 
-1 1 -1 
0.000846 0.000099 
-1 1 -1 
0.000698 0.000075 
-1 1 -1 
0.000828 0.000108 
-1 1 -1 
0.000707 0.000049 
-1 1 -1 
0.001000 0.000022 
-1 1 -1 
0.000877 0.000018 
-1 1 -1 
0.000809 0.000017 
-1 -1 1 
0.000715 0.000050 
-1 -1 1 
0.000884 0.000147 
-1 -1 1 
0.000733 0.000061 
-1 -1 1 
0.000854 0.000068 
-1 -1 1 
0.000873 0.000016 
-1 -1 1 
0.000724 0.000016 
-1 -1 1 
